1547848157,s5,0.00,0.00,0.00,0,0,0.00,0.00,0.00,0,0,0.00,0.00,0,0
1547848157,s1,0.00,0.00,0.00,0,0,0.00,0.00,0.00,0,0,0.00,0.00,0,0
1547848157,eth0,0.00,0.00,0.00,0,0,0.00,0.00,0.00,0,0,0.00,0.00,0,0
1547848157,eth1,0.00,0.00,0.00,0,0,0.00,0.00,0.00,0,0,0.00,0.00,0,0
1547848157,s2,0.00,0.00,0.00,0,0,0.00,0.00,0.00,0,0,0.00,0.00,0,0
1547848157,s1-eth2,0.00,0.00,0.00,0,0,0.00,0.00,0.00,0,0,0.00,0.00,0,0
1547848157,s1-eth1,0.00,0.00,0.00,0,0,0.00,0.00,0.00,0,0,0.00,0.00,0,0
1547848157,s3,0.00,0.00,0.00,0,0,0.00,0.00,0.00,0,0,0.00,0.00,0,0
1547848157,s2-eth2,0.00,0.00,0.00,0,0,0.00,0.00,0.00,0,0,0.00,0.00,0,0
1547848157,s2-eth1,0.00,0.00,0.00,0,0,0.00,0.00,0.00,0,0,0.00,0.00,0,0
1547848157,lo,0.00,0.00,0.00,0,0,0.00,0.00,0.00,0,0,0.00,0.00,0,0
1547848157,s4,0.00,0.00,0.00,0,0,0.00,0.00,0.00,0,0,0.00,0.00,0,0
1547848157,s3-eth2,0.00,0.00,0.00,0,0,0.00,0.00,0.00,0,0,0.00,0.00,0,0
1547848157,s3-eth1,0.00,0.00,0.00,0,0,0.00,0.00,0.00,0,0,0.00,0.00,0,0
1547848157,total,0.00,0.00,0.00,0,0,0.00,0.00,0.00,0,0,0.00,0.00,0,0
1547848158,s5,0.00,0.00,0.00,0,0,0.00,0.00,0.00,0,0,0.00,0.00,0,0
1547848158,s1,0.00,3589.00,3589.00,3589,0,0.00,21.00,21.00,21,0,0.00,0.00,0,0
1547848158,eth0,456.00,735.00,1191.00,735,456,6.00,6.00,12.00,6,6,0.00,0.00,0,0
1547848158,eth1,0.00,0.00,0.00,0,0,0.00,0.00,0.00,0,0,0.00,0.00,0,0
1547848158,s2,250.00,3591.00,3841.00,3591,250,3.00,18.00,21.00,18,3,0.00,0.00,0,0
1547848158,s1-eth2,147927.00,6044449.00,6192376.00,6044449,147927,1990.00,4011.00,6001.00,4011,1990,0.00,0.00,0,0
1547848158,s1-eth1,6046802.00,147630.00,6194432.00,147630,6046802,4017.00,1995.00,6012.00,1995,4017,0.00,0.00,0,0
1547848158,s3,90.00,3409.00,3499.00,3409,90,1.00,19.00,20.00,19,1,0.00,0.00,0,0
1547848158,s2-eth2,150209.00,6045002.00,6195211.00,6045002,150209,2003.00,4005.00,6008.00,4005,2003,0.00,0.00,0,0
1547848158,s2-eth1,6044449.00,147927.00,6192376.00,147927,6044449,4011.00,1990.00,6001.00,1990,4011,0.00,0.00,0,0
1547848158,lo,18779.00,18779.00,37558.00,18779,18779,177.00,177.00,354.00,177,177,0.00,0.00,0,0
1547848158,s4,0.00,0.00,0.00,0,0,0.00,0.00,0.00,0,0,0.00,0.00,0,0
1547848158,s3-eth2,152004.00,6047006.00,6199010.00,6047006,152004,2010.00,3995.00,6005.00,3995,2010,0.00,0.00,0,0
1547848158,s3-eth1,6045002.00,150209.00,6195211.00,150209,6045002,4005.00,2003.00,6008.00,2003,4005,0.00,0.00,0,0
1547848158,total,18605968.00,18612326.00,37218296.00,18612326,18605968,18223.00,18240.00,36463.00,18240,18223,0.00,0.00,0,0
1547848159,s5,0.00,0.00,0.00,0,0,0.00,0.00,0.00,0,0,0.00,0.00,0,0
1547848159,s1,0.00,963.00,963.00,963,0,0.00,4.00,4.00,4,0,0.00,0.00,0,0
1547848159,eth0,152.00,245.00,397.00,245,152,2.00,2.00,4.00,2,2,0.00,0.00,0,0
1547848159,eth1,0.00,0.00,0.00,0,0,0.00,0.00,0.00,0,0,0.00,0.00,0,0
1547848159,s2,0.00,621.00,621.00,621,0,0.00,3.00,3.00,3,0,0.00,0.00,0,0
1547848159,s1-eth2,149480.00,6102383.00,6251863.00,6102383,149480,2020.00,4034.00,6054.00,4034,2020,0.00,0.00,0,0
1547848159,s1-eth1,6100351.00,149554.00,6249905.00,149554,6100351,4035.00,2021.00,6056.00,2021,4035,0.00,0.00,0,0
1547848159,s3,0.00,1053.00,1053.00,1053,0,0.00,5.00,5.00,5,0,0.00,0.00,0,0
1547848159,s2-eth2,150533.00,6103555.00,6254088.00,6103555,150533,2025.00,4034.00,6059.00,4034,2025,0.00,0.00,0,0
1547848159,s2-eth1,6102383.00,149480.00,6251863.00,149480,6102383,4034.00,2020.00,6054.00,2020,4034,0.00,0.00,0,0
1547848159,lo,4152.00,4152.00,8304.00,4152,4152,40.00,40.00,80.00,40,40,0.00,0.00,0,0
1547848159,s4,0.00,0.00,0.00,0,0,0.00,0.00,0.00,0,0,0.00,0.00,0,0
1547848159,s3-eth2,150860.00,6105962.00,6256822.00,6105962,150860,2026.00,4033.00,6059.00,4033,2026,0.00,0.00,0,0
1547848159,s3-eth1,6103555.00,150533.00,6254088.00,150533,6103555,4034.00,2025.00,6059.00,2025,4034,0.00,0.00,0,0
1547848159,total,18761466.00,18768500.00,37529968.00,18768501,18761466,18216.00,18221.00,36437.00,18221,18216,0.00,0.00,0,0
1547848160,s5,0.00,0.00,0.00,0,0,0.00,0.00,0.00,0,0,0.00,0.00,0,0
1547848160,s1,0.00,701.00,701.00,701,0,0.00,3.00,3.00,3,0,0.00,0.00,0,0
1547848160,eth0,60.00,60.00,120.00,60,60,1.00,1.00,2.00,1,1,0.00,0.00,0,0
1547848160,eth1,0.00,0.00,0.00,0,0,0.00,0.00,0.00,0,0,0.00,0.00,0,0
1547848160,s2,0.00,701.00,701.00,701,0,0.00,3.00,3.00,3,0,0.00,0.00,0,0
1547848160,s1-eth2,144483.00,5888647.00,6033130.00,5888647,144483,1946.00,3892.00,5838.00,3892,1946,0.00,0.00,0,0
1547848160,s1-eth1,5890535.00,143412.00,6033947.00,143412,5890535,3895.00,1938.00,5833.00,1938,3895,0.00,0.00,0,0
1547848160,s3,0.00,701.00,701.00,701,0,0.00,3.00,3.00,3,0,0.00,0.00,0,0
1547848160,s2-eth2,144557.00,5883404.00,6027961.00,5883404,144557,1947.00,3886.00,5833.00,3886,1947,0.00,0.00,0,0
1547848160,s2-eth1,5888647.00,144483.00,6033130.00,144483,5888647,3892.00,1946.00,5838.00,1946,3892,0.00,0.00,0,0
1547848160,lo,2871.00,2871.00,5742.00,2871,2871,27.00,27.00,54.00,27,27,0.00,0.00,0,0
1547848160,s4,0.00,0.00,0.00,0,0,0.00,0.00,0.00,0,0,0.00,0.00,0,0
1547848160,s3-eth2,144931.00,5875834.00,6020765.00,5875834,144931,1949.00,3881.00,5830.00,3881,1949,0.00,0.00,0,0
1547848160,s3-eth1,5883404.00,144557.00,6027961.00,144557,5883404,3886.00,1947.00,5833.00,1947,3886,0.00,0.00,0,0
1547848160,total,18099488.00,18085372.00,36184860.00,18085371,18099488,17543.00,17527.00,35070.00,17527,17543,0.00,0.00,0,0
1547848161,s5,0.00,0.00,0.00,0,0,0.00,0.00,0.00,0,0,0.00,0.00,0,0
1547848161,s1,70.00,981.00,1051.00,981,70,1.00,7.00,8.00,7,1,0.00,0.00,0,0
1547848161,eth0,0.00,0.00,0.00,0,0,0.00,0.00,0.00,0,0,0.00,0.00,0,0
1547848161,eth1,0.00,0.00,0.00,0,0,0.00,0.00,0.00,0,0,0.00,0.00,0,0
1547848161,s2,0.00,724.00,724.00,724,0,0.00,7.00,7.00,7,0,0.00,0.00,0,0
1547848161,s1-eth2,149764.00,6114443.00,6264207.00,6114443,149764,2024.00,4044.00,6068.00,4044,2024,0.00,0.00,0,0
1547848161,s1-eth1,6113396.00,149920.00,6263316.00,149920,6113396,4046.00,2026.00,6072.00,2026,4046,0.00,0.00,0,0
1547848161,s3,70.00,981.00,1051.00,981,70,1.00,7.00,8.00,7,1,0.00,0.00,0,0
1547848161,s2-eth2,150391.00,6115560.00,6265951.00,6115560,150391,2026.00,4043.00,6069.00,4043,2026,0.00,0.00,0,0
1547848161,s2-eth1,6114443.00,149764.00,6264207.00,149764,6114443,4044.00,2024.00,6068.00,2024,4044,0.00,0.00,0,0
1547848161,lo,6513.00,6513.00,13026.00,6513,6513,68.00,68.00,136.00,68,68,0.00,0.00,0,0
1547848161,s4,0.00,0.00,0.00,0,0,0.00,0.00,0.00,0,0,0.00,0.00,0,0
1547848161,s3-eth2,150858.00,6115116.00,6265974.00,6115116,150858,2029.00,4040.00,6069.00,4040,2029,0.00,0.00,0,0
1547848161,s3-eth1,6115560.00,150391.00,6265951.00,150391,6115560,4043.00,2026.00,6069.00,2026,4043,0.00,0.00,0,0
1547848161,total,18801064.00,18804392.00,37605456.00,18804393,18801065,18282.00,18292.00,36574.00,18292,18282,0.00,0.00,0,0
1547848162,s5,0.00,0.00,0.00,0,0,0.00,0.00,0.00,0,0,0.00,0.00,0,0
1547848162,s1,0.00,809.00,809.00,809,0,0.00,4.00,4.00,4,0,0.00,0.00,0,0
1547848162,eth0,0.00,0.00,0.00,0,0,0.00,0.00,0.00,0,0,0.00,0.00,0,0
1547848162,eth1,0.00,0.00,0.00,0,0,0.00,0.00,0.00,0,0,0.00,0.00,0,0
1547848162,s2,70.00,397.00,467.00,397,70,1.00,2.00,3.00,2,1,0.00,0.00,0,0
1547848162,s1-eth2,149702.00,6127967.00,6277669.00,6127967,149702,2023.00,4051.00,6074.00,4051,2023,0.00,0.00,0,0
1547848162,s1-eth1,6126453.00,149776.00,6276229.00,149776,6126453,4050.00,2024.00,6074.00,2024,4050,0.00,0.00,0,0
1547848162,s3,0.00,140.00,140.00,140,0,0.00,2.00,2.00,2,0,0.00,0.00,0,0
1547848162,s2-eth2,149842.00,6127555.00,6277397.00,6127555,149842,2025.00,4049.00,6074.00,4049,2025,0.00,0.00,0,0
1547848162,s2-eth1,6127967.00,149702.00,6277669.00,149702,6127967,4051.00,2023.00,6074.00,2023,4051,0.00,0.00,0,0
1547848162,lo,3034.00,3034.00,6068.00,3034,3034,35.00,35.00,70.00,35,35,0.00,0.00,0,0
1547848162,s4,0.00,0.00,0.00,0,0,0.00,0.00,0.00,0,0,0.00,0.00,0,0
1547848162,s3-eth2,149916.00,6128672.00,6278588.00,6128672,149916,2026.00,4048.00,6074.00,4048,2026,0.00,0.00,0,0
1547848162,s3-eth1,6127555.00,149842.00,6277397.00,149842,6127555,4049.00,2025.00,6074.00,2025,4049,0.00,0.00,0,0
1547848162,total,18834540.00,18837894.00,37672432.00,18837894,18834539,18260.00,18263.00,36523.00,18263,18260,0.00,0.00,0,0
1547848163,s5,0.00,0.00,0.00,0,0,0.00,0.00,0.00,0,0,0.00,0.00,0,0
1547848163,s1,0.00,342.00,342.00,342,0,0.00,1.00,1.00,1,0,0.00,0.00,0,0
1547848163,eth0,0.00,0.00,0.00,0,0,0.00,0.00,0.00,0,0,0.00,0.00,0,0
1547848163,eth1,0.00,0.00,0.00,0,0,0.00,0.00,0.00,0,0,0.00,0.00,0,0
1547848163,s2,0.00,342.00,342.00,342,0,0.00,1.00,1.00,1,0,0.00,0.00,0,0
1547848163,s1-eth2,150368.00,6174434.00,6324802.00,6174434,150368,2032.00,4079.00,6111.00,4079,2032,0.00,0.00,0,0
1547848163,s1-eth1,6176290.00,150294.00,6326584.00,150294,6176290,4081.00,2031.00,6112.00,2031,4081,0.00,0.00,0,0
1547848163,s3,0.00,0.00,0.00,0,0,0.00,0.00,0.00,0,0,0.00,0.00,0,0
1547848163,s2-eth2,150368.00,6174434.00,6324802.00,6174434,150368,2032.00,4079.00,6111.00,4079,2032,0.00,0.00,0,0
1547848163,s2-eth1,6174434.00,150368.00,6324802.00,150368,6174434,4079.00,2032.00,6111.00,2032,4079,0.00,0.00,0,0
1547848163,lo,652.00,652.00,1304.00,652,652,6.00,6.00,12.00,6,6,0.00,0.00,0,0
1547848163,s4,0.00,0.00,0.00,0,0,0.00,0.00,0.00,0,0,0.00,0.00,0,0
1547848163,s3-eth2,150294.00,6174092.00,6324386.00,6174092,150294,2031.00,4078.00,6109.00,4078,2031,0.00,0.00,0,0
1547848163,s3-eth1,6174434.00,150368.00,6324802.00,150368,6174434,4079.00,2032.00,6111.00,2032,4079,0.00,0.00,0,0
1547848163,total,18976840.00,18975326.00,37952168.00,18975326,18976840,18340.00,18339.00,36679.00,18339,18340,0.00,0.00,0,0
1547848164,s5,0.00,0.00,0.00,0,0,0.00,0.00,0.00,0,0,0.00,0.00,0,0
1547848164,s1,0.00,107.00,107.00,107,0,0.00,1.00,1.00,1,0,0.00,0.00,0,0
1547848164,eth0,0.00,0.00,0.00,0,0,0.00,0.00,0.00,0,0,0.00,0.00,0,0
1547848164,eth1,0.00,0.00,0.00,0,0,0.00,0.00,0.00,0,0,0.00,0.00,0,0
1547848164,s2,0.00,107.00,107.00,107,0,0.00,1.00,1.00,1,0,0.00,0.00,0,0
1547848164,s1-eth2,152103.00,6193881.00,6345984.00,6193881,152103,2055.00,4092.00,6147.00,4092,2055,0.00,0.00,0,0
1547848164,s1-eth1,6193988.00,152070.00,6346058.00,152070,6193988,4093.00,2055.00,6148.00,2055,4093,0.00,0.00,0,0
1547848164,s3,0.00,107.00,107.00,107,0,0.00,1.00,1.00,1,0,0.00,0.00,0,0
1547848164,s2-eth2,152103.00,6193774.00,6345877.00,6193774,152103,2055.00,4091.00,6146.00,4091,2055,0.00,0.00,0,0
1547848164,s2-eth1,6193881.00,152103.00,6345984.00,152103,6193881,4092.00,2055.00,6147.00,2055,4092,0.00,0.00,0,0
1547848164,lo,915.00,915.00,1830.00,915,915,9.00,9.00,18.00,9,9,0.00,0.00,0,0
1547848164,s4,0.00,0.00,0.00,0,0,0.00,0.00,0.00,0,0,0.00,0.00,0,0
1547848164,s3-eth2,152210.00,6193774.00,6345984.00,6193774,152210,2056.00,4091.00,6147.00,4091,2056,0.00,0.00,0,0
1547848164,s3-eth1,6193774.00,152103.00,6345877.00,152103,6193774,4091.00,2055.00,6146.00,2055,4091,0.00,0.00,0,0
1547848164,total,19038974.00,19038940.00,38077916.00,19038941,19038974,18451.00,18451.00,36902.00,18451,18451,0.00,0.00,0,0
1547848165,s5,0.00,0.00,0.00,0,0,0.00,0.00,0.00,0,0,0.00,0.00,0,0
1547848165,s1,70.00,387.00,457.00,387,70,1.00,5.00,6.00,5,1,0.00,0.00,0,0
1547848165,eth0,0.00,0.00,0.00,0,0,0.00,0.00,0.00,0,0,0.00,0.00,0,0
1547848165,eth1,0.00,0.00,0.00,0,0,0.00,0.00,0.00,0,0,0.00,0.00,0,0
1547848165,s2,0.00,799.00,799.00,799,0,0.00,7.00,7.00,7,0,0.00,0.00,0,0
1547848165,s1-eth2,150476.00,6135045.00,6285521.00,6135045,150476,2030.00,4056.00,6086.00,4056,2030,0.00,0.00,0,0
1547848165,s1-eth1,6135115.00,149994.00,6285109.00,149994,6135115,4057.00,2027.00,6084.00,2027,4057,0.00,0.00,0,0
1547848165,s3,70.00,729.00,799.00,729,70,1.00,6.00,7.00,6,1,0.00,0.00,0,0
1547848165,s2-eth2,150657.00,6134975.00,6285632.00,6134975,150657,2032.00,4055.00,6087.00,4055,2032,0.00,0.00,0,0
1547848165,s2-eth1,6135045.00,150476.00,6285521.00,150476,6135045,4056.00,2030.00,6086.00,2030,4056,0.00,0.00,0,0
1547848165,lo,5587.00,5587.00,11174.00,5587,5587,60.00,60.00,120.00,60,60,0.00,0.00,0,0
1547848165,s4,0.00,0.00,0.00,0,0,0.00,0.00,0.00,0,0,0.00,0.00,0,0
1547848165,s3-eth2,150797.00,6134798.00,6285595.00,6134798,150797,2034.00,4053.00,6087.00,4053,2034,0.00,0.00,0,0
1547848165,s3-eth1,6134975.00,150657.00,6285632.00,150657,6134975,4055.00,2032.00,6087.00,2032,4055,0.00,0.00,0,0
1547848165,total,18862792.00,18863448.00,37726240.00,18863447,18862792,18326.00,18331.00,36657.00,18331,18326,0.00,0.00,0,0
1547848166,s5,0.00,0.00,0.00,0,0,0.00,0.00,0.00,0,0,0.00,0.00,0,0
1547848166,s1,0.00,482.00,482.00,482,0,0.00,3.00,3.00,3,0,0.00,0.00,0,0
1547848166,eth0,0.00,0.00,0.00,0,0,0.00,0.00,0.00,0,0,0.00,0.00,0,0
1547848166,eth1,0.00,0.00,0.00,0,0,0.00,0.00,0.00,0,0,0.00,0.00,0,0
1547848166,s2,70.00,70.00,140.00,70,70,1.00,1.00,2.00,1,1,0.00,0.00,0,0
1547848166,s1-eth2,150664.00,6191228.00,6341892.00,6191228,150664,2036.00,4092.00,6128.00,4092,2036,0.00,0.00,0,0
1547848166,s1-eth1,6191298.00,150590.00,6341888.00,150590,6191298,4093.00,2035.00,6128.00,2035,4093,0.00,0.00,0,0
1547848166,s3,0.00,140.00,140.00,140,0,0.00,2.00,2.00,2,0,0.00,0.00,0,0
1547848166,s2-eth2,150730.00,6190816.00,6341546.00,6190816,150730,2037.00,4090.00,6127.00,4090,2037,0.00,0.00,0,0
1547848166,s2-eth1,6191228.00,150664.00,6341892.00,150664,6191228,4092.00,2036.00,6128.00,2036,4092,0.00,0.00,0,0
1547848166,lo,1934.00,1934.00,3868.00,1934,1934,21.00,21.00,42.00,21,21,0.00,0.00,0,0
1547848166,s4,0.00,0.00,0.00,0,0,0.00,0.00,0.00,0,0,0.00,0.00,0,0
1547848166,s3-eth2,150730.00,6190746.00,6341476.00,6190746,150730,2037.00,4089.00,6126.00,4089,2037,0.00,0.00,0,0
1547848166,s3-eth1,6190816.00,150730.00,6341546.00,150730,6190816,4090.00,2037.00,6127.00,2037,4090,0.00,0.00,0,0
1547848166,total,19027470.00,19027400.00,38054872.00,19027400,19027470,18407.00,18406.00,36813.00,18406,18407,0.00,0.00,0,0
1547848167,s5,0.00,0.00,0.00,0,0,0.00,0.00,0.00,0,0,0.00,0.00,0,0
1547848167,s1,0.00,0.00,0.00,0,0,0.00,0.00,0.00,0,0,0.00,0.00,0,0
1547848167,eth0,0.00,0.00,0.00,0,0,0.00,0.00,0.00,0,0,0.00,0.00,0,0
1547848167,eth1,0.00,0.00,0.00,0,0,0.00,0.00,0.00,0,0,0.00,0.00,0,0
1547848167,s2,0.00,0.00,0.00,0,0,0.00,0.00,0.00,0,0,0.00,0.00,0,0
1547848167,s1-eth2,152366.00,6207400.00,6359766.00,6207400,152366,2059.00,4100.00,6159.00,4100,2059,0.00,0.00,0,0
1547848167,s1-eth1,6207400.00,152366.00,6359766.00,152366,6207400,4100.00,2059.00,6159.00,2059,4100,0.00,0.00,0,0
1547848167,s3,0.00,342.00,342.00,342,0,0.00,1.00,1.00,1,0,0.00,0.00,0,0
1547848167,s2-eth2,152708.00,6207400.00,6360108.00,6207400,152708,2060.00,4100.00,6160.00,4100,2060,0.00,0.00,0,0
1547848167,s2-eth1,6207400.00,152366.00,6359766.00,152366,6207400,4100.00,2059.00,6159.00,2059,4100,0.00,0.00,0,0
1547848167,lo,670.00,670.00,1340.00,670,670,9.00,9.00,18.00,9,9,0.00,0.00,0,0
1547848167,s4,0.00,0.00,0.00,0,0,0.00,0.00,0.00,0,0,0.00,0.00,0,0
1547848167,s3-eth2,153050.00,6207400.00,6360450.00,6207400,153050,2061.00,4100.00,6161.00,4100,2061,0.00,0.00,0,0
1547848167,s3-eth1,6207400.00,152708.00,6360108.00,152708,6207400,4100.00,2060.00,6160.00,2060,4100,0.00,0.00,0,0
1547848167,total,19080994.00,19080652.00,38161648.00,19080652,19080994,18489.00,18488.00,36977.00,18488,18489,0.00,0.00,0,0
1547848168,s5,0.00,0.00,0.00,0,0,0.00,0.00,0.00,0,0,0.00,0.00,0,0
1547848168,s1,0.00,0.00,0.00,0,0,0.00,0.00,0.00,0,0,0.00,0.00,0,0
1547848168,eth0,0.00,0.00,0.00,0,0,0.00,0.00,0.00,0,0,0.00,0.00,0,0
1547848168,eth1,0.00,0.00,0.00,0,0,0.00,0.00,0.00,0,0,0.00,0.00,0,0
1547848168,s2,0.00,342.00,342.00,342,0,0.00,1.00,1.00,1,0,0.00,0.00,0,0
1547848168,s1-eth2,151626.00,6231624.00,6383250.00,6231624,151626,2049.00,4116.00,6165.00,4116,2049,0.00,0.00,0,0
1547848168,s1-eth1,6231624.00,151700.00,6383324.00,151700,6231624,4116.00,2050.00,6166.00,2050,4116,0.00,0.00,0,0
1547848168,s3,0.00,0.00,0.00,0,0,0.00,0.00,0.00,0,0,0.00,0.00,0,0
1547848168,s2-eth2,151626.00,6231966.00,6383592.00,6231966,151626,2049.00,4117.00,6166.00,4117,2049,0.00,0.00,0,0
1547848168,s2-eth1,6231624.00,151626.00,6383250.00,151626,6231624,4116.00,2049.00,6165.00,2049,4116,0.00,0.00,0,0
1547848168,lo,326.00,326.00,652.00,326,326,3.00,3.00,6.00,3,3,0.00,0.00,0,0
1547848168,s4,0.00,0.00,0.00,0,0,0.00,0.00,0.00,0,0,0.00,0.00,0,0
1547848168,s3-eth2,151700.00,6233138.00,6384838.00,6233138,151700,2050.00,4117.00,6167.00,4117,2050,0.00,0.00,0,0
1547848168,s3-eth1,6231966.00,151626.00,6383592.00,151626,6231966,4117.00,2049.00,6166.00,2049,4117,0.00,0.00,0,0
1547848168,total,19150492.00,19152348.00,38302840.00,19152348,19150492,18500.00,18502.00,37002.00,18502,18500,0.00,0.00,0,0
1547848169,s5,0.00,0.00,0.00,0,0,0.00,0.00,0.00,0,0,0.00,0.00,0,0
1547848169,s1,0.00,342.00,342.00,342,0,0.00,1.00,1.00,1,0,0.00,0.00,0,0
1547848169,eth0,0.00,0.00,0.00,0,0,0.00,0.00,0.00,0,0,0.00,0.00,0,0
1547848169,eth1,0.00,0.00,0.00,0,0,0.00,0.00,0.00,0,0,0.00,0.00,0,0
1547848169,s2,0.00,0.00,0.00,0,0,0.00,0.00,0.00,0,0,0.00,0.00,0,0
1547848169,s1-eth2,152514.00,6242564.00,6395078.00,6242564,152514,2061.00,4124.00,6185.00,4124,2061,0.00,0.00,0,0
1547848169,s1-eth1,6242564.00,152514.00,6395078.00,152514,6242564,4124.00,2061.00,6185.00,2061,4124,0.00,0.00,0,0
1547848169,s3,0.00,0.00,0.00,0,0,0.00,0.00,0.00,0,0,0.00,0.00,0,0
1547848169,s2-eth2,152588.00,6243736.00,6396324.00,6243736,152588,2062.00,4124.00,6186.00,4124,2062,0.00,0.00,0,0
1547848169,s2-eth1,6242564.00,152514.00,6395078.00,152514,6242564,4124.00,2061.00,6185.00,2061,4124,0.00,0.00,0,0
1547848169,lo,326.00,326.00,652.00,326,326,3.00,3.00,6.00,3,3,0.00,0.00,0,0
1547848169,s4,0.00,0.00,0.00,0,0,0.00,0.00,0.00,0,0,0.00,0.00,0,0
1547848169,s3-eth2,152514.00,6243736.00,6396250.00,6243736,152514,2061.00,4124.00,6185.00,4124,2061,0.00,0.00,0,0
1547848169,s3-eth1,6243736.00,152588.00,6396324.00,152588,6243736,4124.00,2062.00,6186.00,2062,4124,0.00,0.00,0,0
1547848169,total,19186806.00,19188320.00,38375128.00,19188320,19186806,18559.00,18560.00,37119.00,18560,18559,0.00,0.00,0,0
1547848170,s5,0.00,0.00,0.00,0,0,0.00,0.00,0.00,0,0,0.00,0.00,0,0
1547848170,s1,0.00,0.00,0.00,0,0,0.00,0.00,0.00,0,0,0.00,0.00,0,0
1547848170,eth0,0.00,0.00,0.00,0,0,0.00,0.00,0.00,0,0,0.00,0.00,0,0
1547848170,eth1,0.00,0.00,0.00,0,0,0.00,0.00,0.00,0,0,0.00,0.00,0,0
1547848170,s2,0.00,0.00,0.00,0,0,0.00,0.00,0.00,0,0,0.00,0.00,0,0
1547848170,s1-eth2,150590.00,6136242.00,6286832.00,6136242,150590,2035.00,4053.00,6088.00,4053,2035,0.00,0.00,0,0
1547848170,s1-eth1,6137756.00,150516.00,6288272.00,150516,6137756,4054.00,2034.00,6088.00,2034,4054,0.00,0.00,0,0
1547848170,s3,0.00,0.00,0.00,0,0,0.00,0.00,0.00,0,0,0.00,0.00,0,0
1547848170,s2-eth2,150516.00,6136242.00,6286758.00,6136242,150516,2034.00,4053.00,6087.00,4053,2034,0.00,0.00,0,0
1547848170,s2-eth1,6136242.00,150590.00,6286832.00,150590,6136242,4053.00,2035.00,6088.00,2035,4053,0.00,0.00,0,0
1547848170,lo,0.00,0.00,0.00,0,0,0.00,0.00,0.00,0,0,0.00,0.00,0,0
1547848170,s4,0.00,0.00,0.00,0,0,0.00,0.00,0.00,0,0,0.00,0.00,0,0
1547848170,s3-eth2,150516.00,6136242.00,6286758.00,6136242,150516,2034.00,4053.00,6087.00,4053,2034,0.00,0.00,0,0
1547848170,s3-eth1,6136242.00,150516.00,6286758.00,150516,6136242,4053.00,2034.00,6087.00,2034,4053,0.00,0.00,0,0
1547848170,total,18861862.00,18860348.00,37722208.00,18860348,18861862,18263.00,18262.00,36525.00,18262,18263,0.00,0.00,0,0
1547848171,s5,0.00,0.00,0.00,0,0,0.00,0.00,0.00,0,0,0.00,0.00,0,0
1547848171,s1,0.00,0.00,0.00,0,0,0.00,0.00,0.00,0,0,0.00,0.00,0,0
1547848171,eth0,0.00,0.00,0.00,0,0,0.00,0.00,0.00,0,0,0.00,0.00,0,0
1547848171,eth1,0.00,0.00,0.00,0,0,0.00,0.00,0.00,0,0,0.00,0.00,0,0
1547848171,s2,0.00,0.00,0.00,0,0,0.00,0.00,0.00,0,0,0.00,0.00,0,0
1547848171,s1-eth2,152144.00,6225568.00,6377712.00,6225568,152144,2056.00,4112.00,6168.00,4112,2056,0.00,0.00,0,0
1547848171,s1-eth1,6224054.00,152144.00,6376198.00,152144,6224054,4111.00,2056.00,6167.00,2056,4111,0.00,0.00,0,0
1547848171,s3,0.00,0.00,0.00,0,0,0.00,0.00,0.00,0,0,0.00,0.00,0,0
1547848171,s2-eth2,152144.00,6225568.00,6377712.00,6225568,152144,2056.00,4112.00,6168.00,4112,2056,0.00,0.00,0,0
1547848171,s2-eth1,6225568.00,152144.00,6377712.00,152144,6225568,4112.00,2056.00,6168.00,2056,4112,0.00,0.00,0,0
1547848171,lo,0.00,0.00,0.00,0,0,0.00,0.00,0.00,0,0,0.00,0.00,0,0
1547848171,s4,0.00,0.00,0.00,0,0,0.00,0.00,0.00,0,0,0.00,0.00,0,0
1547848171,s3-eth2,152144.00,6225568.00,6377712.00,6225568,152144,2056.00,4112.00,6168.00,4112,2056,0.00,0.00,0,0
1547848171,s3-eth1,6225568.00,152144.00,6377712.00,152144,6225568,4112.00,2056.00,6168.00,2056,4112,0.00,0.00,0,0
1547848171,total,19131622.00,19133136.00,38264760.00,19133136,19131622,18503.00,18504.00,37007.00,18504,18503,0.00,0.00,0,0
1547848172,s5,0.00,0.00,0.00,0,0,0.00,0.00,0.00,0,0,0.00,0.00,0,0
1547848172,s1,0.00,449.00,449.00,449,0,0.00,2.00,2.00,2,0,0.00,0.00,0,0
1547848172,eth0,0.00,0.00,0.00,0,0,0.00,0.00,0.00,0,0,0.00,0.00,0,0
1547848172,eth1,0.00,0.00,0.00,0,0,0.00,0.00,0.00,0,0,0.00,0.00,0,0
1547848172,s2,0.00,107.00,107.00,107,0,0.00,1.00,1.00,1,0,0.00,0.00,0,0
1547848172,s1-eth2,150401.00,6156373.00,6306774.00,6156373,150401,2032.00,4068.00,6100.00,4068,2032,0.00,0.00,0,0
1547848172,s1-eth1,6156480.00,150294.00,6306774.00,150294,6156480,4069.00,2031.00,6100.00,2031,4069,0.00,0.00,0,0
1547848172,s3,0.00,107.00,107.00,107,0,0.00,1.00,1.00,1,0,0.00,0.00,0,0
1547848172,s2-eth2,150401.00,6155924.00,6306325.00,6155924,150401,2032.00,4066.00,6098.00,4066,2032,0.00,0.00,0,0
1547848172,s2-eth1,6156373.00,150401.00,6306774.00,150401,6156373,4068.00,2032.00,6100.00,2032,4068,0.00,0.00,0,0
1547848172,lo,1585.00,1585.00,3170.00,1585,1585,18.00,18.00,36.00,18,18,0.00,0.00,0,0
1547848172,s4,0.00,0.00,0.00,0,0,0.00,0.00,0.00,0,0,0.00,0.00,0,0
1547848172,s3-eth2,150508.00,6155924.00,6306432.00,6155924,150508,2033.00,4066.00,6099.00,4066,2033,0.00,0.00,0,0
1547848172,s3-eth1,6155924.00,150401.00,6306325.00,150401,6155924,4066.00,2032.00,6098.00,2032,4066,0.00,0.00,0,0
1547848172,total,18921672.00,18921564.00,37843236.00,18921565,18921672,18318.00,18317.00,36635.00,18317,18318,0.00,0.00,0,0
1547848173,s5,0.00,0.00,0.00,0,0,0.00,0.00,0.00,0,0,0.00,0.00,0,0
1547848173,s1,0.00,107.00,107.00,107,0,0.00,1.00,1.00,1,0,0.00,0.00,0,0
1547848173,eth0,0.00,0.00,0.00,0,0,0.00,0.00,0.00,0,0,0.00,0.00,0,0
1547848173,eth1,0.00,0.00,0.00,0,0,0.00,0.00,0.00,0,0,0.00,0.00,0,0
1547848173,s2,0.00,107.00,107.00,107,0,0.00,1.00,1.00,1,0,0.00,0.00,0,0
1547848173,s1-eth2,152366.00,6239301.00,6391667.00,6239301,152366,2059.00,4122.00,6181.00,4122,2059,0.00,0.00,0,0
1547848173,s1-eth1,6239643.00,152366.00,6392009.00,152366,6239643,4123.00,2059.00,6182.00,2059,4123,0.00,0.00,0,0
1547848173,s3,0.00,107.00,107.00,107,0,0.00,1.00,1.00,1,0,0.00,0.00,0,0
1547848173,s2-eth2,152473.00,6239301.00,6391774.00,6239301,152473,2060.00,4122.00,6182.00,4122,2060,0.00,0.00,0,0
1547848173,s2-eth1,6239301.00,152366.00,6391667.00,152366,6239301,4122.00,2059.00,6181.00,2059,4122,0.00,0.00,0,0
1547848173,lo,915.00,915.00,1830.00,915,915,9.00,9.00,18.00,9,9,0.00,0.00,0,0
1547848173,s4,0.00,0.00,0.00,0,0,0.00,0.00,0.00,0,0,0.00,0.00,0,0
1547848173,s3-eth2,152473.00,6239194.00,6391667.00,6239194,152473,2060.00,4121.00,6181.00,4121,2060,0.00,0.00,0,0
1547848173,s3-eth1,6239301.00,152473.00,6391774.00,152473,6239301,4122.00,2060.00,6182.00,2060,4122,0.00,0.00,0,0
1547848173,total,19176472.00,19176236.00,38352708.00,19176237,19176472,18555.00,18555.00,37110.00,18555,18555,0.00,0.00,0,0
1547848174,s5,0.00,0.00,0.00,0,0,0.00,0.00,0.00,0,0,0.00,0.00,0,0
1547848174,s1,0.00,0.00,0.00,0,0,0.00,0.00,0.00,0,0,0.00,0.00,0,0
1547848174,eth0,0.00,0.00,0.00,0,0,0.00,0.00,0.00,0,0,0.00,0.00,0,0
1547848174,eth1,0.00,0.00,0.00,0,0,0.00,0.00,0.00,0,0,0.00,0.00,0,0
1547848174,s2,0.00,0.00,0.00,0,0,0.00,0.00,0.00,0,0,0.00,0.00,0,0
1547848174,s1-eth2,150812.00,6180148.00,6330960.00,6180148,150812,2038.00,4082.00,6120.00,4082,2038,0.00,0.00,0,0
1547848174,s1-eth1,6180148.00,150812.00,6330960.00,150812,6180148,4082.00,2038.00,6120.00,2038,4082,0.00,0.00,0,0
1547848174,s3,0.00,0.00,0.00,0,0,0.00,0.00,0.00,0,0,0.00,0.00,0,0
1547848174,s2-eth2,150812.00,6180148.00,6330960.00,6180148,150812,2038.00,4082.00,6120.00,4082,2038,0.00,0.00,0,0
1547848174,s2-eth1,6180148.00,150812.00,6330960.00,150812,6180148,4082.00,2038.00,6120.00,2038,4082,0.00,0.00,0,0
1547848174,lo,0.00,0.00,0.00,0,0,0.00,0.00,0.00,0,0,0.00,0.00,0,0
1547848174,s4,0.00,0.00,0.00,0,0,0.00,0.00,0.00,0,0,0.00,0.00,0,0
1547848174,s3-eth2,150812.00,6180148.00,6330960.00,6180148,150812,2038.00,4082.00,6120.00,4082,2038,0.00,0.00,0,0
1547848174,s3-eth1,6180148.00,150812.00,6330960.00,150812,6180148,4082.00,2038.00,6120.00,2038,4082,0.00,0.00,0,0
1547848174,total,18992880.00,18992880.00,37985760.00,18992880,18992880,18360.00,18360.00,36720.00,18360,18360,0.00,0.00,0,0
1547848175,s5,0.00,0.00,0.00,0,0,0.00,0.00,0.00,0,0,0.00,0.00,0,0
1547848175,s1,0.00,0.00,0.00,0,0,0.00,0.00,0.00,0,0,0.00,0.00,0,0
1547848175,eth0,0.00,0.00,0.00,0,0,0.00,0.00,0.00,0,0,0.00,0.00,0,0
1547848175,eth1,0.00,0.00,0.00,0,0,0.00,0.00,0.00,0,0,0.00,0.00,0,0
1547848175,s2,0.00,0.00,0.00,0,0,0.00,0.00,0.00,0,0,0.00,0.00,0,0
1547848175,s1-eth2,150738.00,6169550.00,6320288.00,6169550,150738,2037.00,4075.00,6112.00,4075,2037,0.00,0.00,0,0
1547848175,s1-eth1,6171064.00,150738.00,6321802.00,150738,6171064,4076.00,2037.00,6113.00,2037,4076,0.00,0.00,0,0
1547848175,s3,0.00,0.00,0.00,0,0,0.00,0.00,0.00,0,0,0.00,0.00,0,0
1547848175,s2-eth2,150738.00,6165008.00,6315746.00,6165008,150738,2037.00,4072.00,6109.00,4072,2037,0.00,0.00,0,0
1547848175,s2-eth1,6169550.00,150738.00,6320288.00,150738,6169550,4075.00,2037.00,6112.00,2037,4075,0.00,0.00,0,0
1547848175,lo,0.00,0.00,0.00,0,0,0.00,0.00,0.00,0,0,0.00,0.00,0,0
1547848175,s4,0.00,0.00,0.00,0,0,0.00,0.00,0.00,0,0,0.00,0.00,0,0
1547848175,s3-eth2,150738.00,6161980.00,6312718.00,6161980,150738,2037.00,4070.00,6107.00,4070,2037,0.00,0.00,0,0
1547848175,s3-eth1,6165008.00,150738.00,6315746.00,150738,6165008,4072.00,2037.00,6109.00,2037,4072,0.00,0.00,0,0
1547848175,total,18957836.00,18948752.00,37906588.00,18948752,18957836,18334.00,18328.00,36662.00,18328,18334,0.00,0.00,0,0
1547848176,s5,0.00,0.00,0.00,0,0,0.00,0.00,0.00,0,0,0.00,0.00,0,0
1547848176,s1,0.00,0.00,0.00,0,0,0.00,0.00,0.00,0,0,0.00,0.00,0,0
1547848176,eth0,0.00,0.00,0.00,0,0,0.00,0.00,0.00,0,0,0.00,0.00,0,0
1547848176,eth1,0.00,0.00,0.00,0,0,0.00,0.00,0.00,0,0,0.00,0.00,0,0
1547848176,s2,0.00,342.00,342.00,342,0,0.00,1.00,1.00,1,0,0.00,0.00,0,0
1547848176,s1-eth2,151154.00,6172578.00,6323732.00,6172578,151154,2039.00,4077.00,6116.00,4077,2039,0.00,0.00,0,0
1547848176,s1-eth1,6171064.00,150812.00,6321876.00,150812,6171064,4076.00,2038.00,6114.00,2038,4076,0.00,0.00,0,0
1547848176,s3,0.00,342.00,342.00,342,0,0.00,1.00,1.00,1,0,0.00,0.00,0,0
1547848176,s2-eth2,151228.00,6174092.00,6325320.00,6174092,151228,2040.00,4078.00,6118.00,4078,2040,0.00,0.00,0,0
1547848176,s2-eth1,6172578.00,151154.00,6323732.00,151154,6172578,4077.00,2039.00,6116.00,2039,4077,0.00,0.00,0,0
1547848176,lo,652.00,652.00,1304.00,652,652,6.00,6.00,12.00,6,6,0.00,0.00,0,0
1547848176,s4,0.00,0.00,0.00,0,0,0.00,0.00,0.00,0,0,0.00,0.00,0,0
1547848176,s3-eth2,151598.00,6177120.00,6328718.00,6177120,151598,2045.00,4080.00,6125.00,4080,2045,0.00,0.00,0,0
1547848176,s3-eth1,6174092.00,151228.00,6325320.00,151228,6174092,4078.00,2040.00,6118.00,2040,4078,0.00,0.00,0,0
1547848176,total,18972366.00,18978320.00,37950688.00,18978320,18972366,18361.00,18360.00,36721.00,18360,18361,0.00,0.00,0,0
1547848177,s5,0.00,0.00,0.00,0,0,0.00,0.00,0.00,0,0,0.00,0.00,0,0
1547848177,s1,0.00,0.00,0.00,0,0,0.00,0.00,0.00,0,0,0.00,0.00,0,0
1547848177,eth0,0.00,0.00,0.00,0,0,0.00,0.00,0.00,0,0,0.00,0.00,0,0
1547848177,eth1,0.00,0.00,0.00,0,0,0.00,0.00,0.00,0,0,0.00,0.00,0,0
1547848177,s2,0.00,0.00,0.00,0,0,0.00,0.00,0.00,0,0,0.00,0.00,0,0
1547848177,s1-eth2,152657.34,6232961.00,6385618.50,6239194,152810,2062.94,4116.88,6179.82,4121,2065,0.00,0.00,0,0
1547848177,s1-eth1,6232961.00,152731.27,6385692.50,152884,6239194,4116.88,2063.94,6180.82,2066,4121,0.00,0.00,0,0
1547848177,s3,0.00,0.00,0.00,0,0,0.00,0.00,0.00,0,0,0.00,0.00,0,0
1547848177,s2-eth2,152657.34,6232961.00,6385618.50,6239194,152810,2062.94,4116.88,6179.82,4121,2065,0.00,0.00,0,0
1547848177,s2-eth1,6232961.00,152657.34,6385618.50,152810,6239194,4116.88,2062.94,6179.82,2065,4121,0.00,0.00,0,0
1547848177,lo,343.66,343.66,687.31,344,344,5.99,5.99,11.99,6,6,0.00,0.00,0,0
1547848177,s4,0.00,0.00,0.00,0,0,0.00,0.00,0.00,0,0,0.00,0.00,0,0
1547848177,s3-eth2,152287.72,6232961.00,6385249.00,6239194,152440,2057.94,4116.88,6174.83,4121,2060,0.00,0.00,0,0
1547848177,s3-eth1,6232961.00,152657.34,6385618.50,152810,6239194,4116.88,2062.94,6179.82,2065,4121,0.00,0.00,0,0
1547848177,total,19156830.00,19157274.00,38314104.00,19176430,19175986,18540.46,18546.45,37086.91,18565,18559,0.00,0.00,0,0
1547848178,s5,0.00,0.00,0.00,0,0,0.00,0.00,0.00,0,0,0.00,0.00,0,0
1547848178,s1,0.00,0.00,0.00,0,0,0.00,0.00,0.00,0,0,0.00,0.00,0,0
1547848178,eth0,0.00,0.00,0.00,0,0,0.00,0.00,0.00,0,0,0.00,0.00,0,0
1547848178,eth1,0.00,0.00,0.00,0,0,0.00,0.00,0.00,0,0,0.00,0.00,0,0
1547848178,s2,0.00,0.00,0.00,0,0,0.00,0.00,0.00,0,0,0.00,0.00,0,0
1547848178,s1-eth2,151478.00,6196802.00,6348280.00,6196802,151478,2047.00,4093.00,6140.00,4093,2047,0.00,0.00,0,0
1547848178,s1-eth1,6196802.00,151404.00,6348206.00,151404,6196802,4093.00,2046.00,6139.00,2046,4093,0.00,0.00,0,0
1547848178,s3,0.00,0.00,0.00,0,0,0.00,0.00,0.00,0,0,0.00,0.00,0,0
1547848178,s2-eth2,151404.00,6196802.00,6348206.00,6196802,151404,2046.00,4093.00,6139.00,4093,2046,0.00,0.00,0,0
1547848178,s2-eth1,6196802.00,151478.00,6348280.00,151478,6196802,4093.00,2047.00,6140.00,2047,4093,0.00,0.00,0,0
1547848178,lo,172.00,172.00,344.00,172,172,3.00,3.00,6.00,3,3,0.00,0.00,0,0
1547848178,s4,0.00,0.00,0.00,0,0,0.00,0.00,0.00,0,0,0.00,0.00,0,0
1547848178,s3-eth2,151404.00,6196802.00,6348206.00,6196802,151404,2046.00,4093.00,6139.00,4093,2046,0.00,0.00,0,0
1547848178,s3-eth1,6196802.00,151404.00,6348206.00,151404,6196802,4093.00,2046.00,6139.00,2046,4093,0.00,0.00,0,0
1547848178,total,19044864.00,19044864.00,38089728.00,19044864,19044864,18421.00,18421.00,36842.00,18421,18421,0.00,0.00,0,0
1547848179,s5,0.00,0.00,0.00,0,0,0.00,0.00,0.00,0,0,0.00,0.00,0,0
1547848179,s1,0.00,0.00,0.00,0,0,0.00,0.00,0.00,0,0,0.00,0.00,0,0
1547848179,eth0,0.00,0.00,0.00,0,0,0.00,0.00,0.00,0,0,0.00,0.00,0,0
1547848179,eth1,0.00,0.00,0.00,0,0,0.00,0.00,0.00,0,0,0.00,0.00,0,0
1547848179,s2,0.00,0.00,0.00,0,0,0.00,0.00,0.00,0,0,0.00,0.00,0,0
1547848179,s1-eth2,149904.95,6093475.50,6243380.00,6154410,151404,2025.74,4024.75,6050.50,4065,2046,0.00,0.00,0,0
1547848179,s1-eth1,6093475.50,149978.22,6243453.50,151478,6154410,4024.75,2026.73,6051.49,2047,4065,0.00,0.00,0,0
1547848179,s3,0.00,0.00,0.00,0,0,0.00,0.00,0.00,0,0,0.00,0.00,0,0
1547848179,s2-eth2,149978.22,6093475.50,6243453.50,6154410,151478,2026.73,4024.75,6051.49,4065,2047,0.00,0.00,0,0
1547848179,s2-eth1,6093475.50,149904.95,6243380.00,151404,6154410,4024.75,2025.74,6050.50,2046,4065,0.00,0.00,0,0
1547848179,lo,0.00,0.00,0.00,0,0,0.00,0.00,0.00,0,0,0.00,0.00,0,0
1547848179,s4,0.00,0.00,0.00,0,0,0.00,0.00,0.00,0,0,0.00,0.00,0,0
1547848179,s3-eth2,149978.22,6093475.50,6243453.50,6154410,151478,2026.73,4024.75,6051.49,4065,2047,0.00,0.00,0,0
1547848179,s3-eth1,6093475.50,149978.22,6243453.50,151478,6154410,4024.75,2026.73,6051.49,2047,4065,0.00,0.00,0,0
1547848179,total,18730288.00,18730288.00,37460576.00,18917590,18917590,18153.47,18153.47,36306.93,18335,18335,0.00,0.00,0,0
1547848180,s5,0.00,0.00,0.00,0,0,0.00,0.00,0.00,0,0,0.00,0.00,0,0
1547848180,s1,0.00,0.00,0.00,0,0,0.00,0.00,0.00,0,0,0.00,0.00,0,0
1547848180,eth0,0.00,0.00,0.00,0,0,0.00,0.00,0.00,0,0,0.00,0.00,0,0
1547848180,eth1,0.00,0.00,0.00,0,0,0.00,0.00,0.00,0,0,0.00,0.00,0,0
1547848180,s2,0.00,0.00,0.00,0,0,0.00,0.00,0.00,0,0,0.00,0.00,0,0
1547848180,s1-eth2,151256.00,6246764.00,6398020.00,6246764,151256,2044.00,4126.00,6170.00,4126,2044,0.00,0.00,0,0
1547848180,s1-eth1,6246764.00,151256.00,6398020.00,151256,6246764,4126.00,2044.00,6170.00,2044,4126,0.00,0.00,0,0
1547848180,s3,0.00,342.00,342.00,342,0,0.00,1.00,1.00,1,0,0.00,0.00,0,0
1547848180,s2-eth2,151524.00,6246764.00,6398288.00,6246764,151524,2044.00,4126.00,6170.00,4126,2044,0.00,0.00,0,0
1547848180,s2-eth1,6246764.00,151256.00,6398020.00,151256,6246764,4126.00,2044.00,6170.00,2044,4126,0.00,0.00,0,0
1547848180,lo,326.00,326.00,652.00,326,326,3.00,3.00,6.00,3,3,0.00,0.00,0,0
1547848180,s4,0.00,0.00,0.00,0,0,0.00,0.00,0.00,0,0,0.00,0.00,0,0
1547848180,s3-eth2,151524.00,6245250.00,6396774.00,6245250,151524,2044.00,4125.00,6169.00,4125,2044,0.00,0.00,0,0
1547848180,s3-eth1,6246764.00,151524.00,6398288.00,151524,6246764,4126.00,2044.00,6170.00,2044,4126,0.00,0.00,0,0
1547848180,total,19194922.00,19193482.00,38388404.00,19193482,19194922,18513.00,18513.00,37026.00,18513,18513,0.00,0.00,0,0
1547848181,s5,0.00,0.00,0.00,0,0,0.00,0.00,0.00,0,0,0.00,0.00,0,0
1547848181,s1,0.00,341.32,341.32,342,0,0.00,1.00,1.00,1,0,0.00,0.00,0,0
1547848181,eth0,0.00,0.00,0.00,0,0,0.00,0.00,0.00,0,0,0.00,0.00,0,0
1547848181,eth1,0.00,0.00,0.00,0,0,0.00,0.00,0.00,0,0,0.00,0.00,0,0
1547848181,s2,0.00,341.32,341.32,342,0,0.00,1.00,1.00,1,0,0.00,0.00,0,0
1547848181,s1-eth2,151323.36,6133401.50,6284724.50,6145668,151626,2044.91,4051.90,6096.81,4060,2049,0.00,0.00,0,0
1547848181,s1-eth1,6134912.50,151323.36,6286235.50,151626,6147182,4052.89,2044.91,6097.80,2049,4061,0.00,0.00,0,0
1547848181,s3,0.00,0.00,0.00,0,0,0.00,0.00,0.00,0,0,0.00,0.00,0,0
1547848181,s2-eth2,151323.36,6134912.50,6286235.50,6147182,151626,2044.91,4052.89,6097.80,4061,2049,0.00,0.00,0,0
1547848181,s2-eth1,6133401.50,151323.36,6284724.50,151626,6145668,4051.90,2044.91,6096.81,2049,4060,0.00,0.00,0,0
1547848181,lo,822.36,822.36,1644.71,824,824,8.98,8.98,17.96,9,9,0.00,0.00,0,0
1547848181,s4,0.00,0.00,0.00,0,0,0.00,0.00,0.00,0,0,0.00,0.00,0,0
1547848181,s3-eth2,151397.20,6134571.00,6285968.00,6146840,151700,2045.91,4051.90,6097.80,4060,2050,0.00,0.00,0,0
1547848181,s3-eth1,6134912.50,151323.36,6286235.50,151626,6147182,4052.89,2044.91,6097.80,2049,4061,0.00,0.00,0,0
1547848181,total,18858092.00,18858360.00,37716452.00,18896076,18895808,18302.40,18302.40,36604.79,18339,18339,0.00,0.00,0,0
1547848182,s5,0.00,0.00,0.00,0,0,0.00,0.00,0.00,0,0,0.00,0.00,0,0
1547848182,s1,0.00,0.00,0.00,0,0,0.00,0.00,0.00,0,0,0.00,0.00,0,0
1547848182,eth0,0.00,0.00,0.00,0,0,0.00,0.00,0.00,0,0,0.00,0.00,0,0
1547848182,eth1,0.00,0.00,0.00,0,0,0.00,0.00,0.00,0,0,0.00,0.00,0,0
1547848182,s2,0.00,0.00,0.00,0,0,0.00,0.00,0.00,0,0,0.00,0.00,0,0
1547848182,s1-eth2,151034.00,6190746.00,6341780.00,6190746,151034,2041.00,4089.00,6130.00,4089,2041,0.00,0.00,0,0
1547848182,s1-eth1,6189232.00,151034.00,6340266.00,151034,6189232,4088.00,2041.00,6129.00,2041,4088,0.00,0.00,0,0
1547848182,s3,0.00,0.00,0.00,0,0,0.00,0.00,0.00,0,0,0.00,0.00,0,0
1547848182,s2-eth2,151034.00,6190746.00,6341780.00,6190746,151034,2041.00,4089.00,6130.00,4089,2041,0.00,0.00,0,0
1547848182,s2-eth1,6190746.00,151034.00,6341780.00,151034,6190746,4089.00,2041.00,6130.00,2041,4089,0.00,0.00,0,0
1547848182,lo,344.00,344.00,688.00,344,344,6.00,6.00,12.00,6,6,0.00,0.00,0,0
1547848182,s4,0.00,0.00,0.00,0,0,0.00,0.00,0.00,0,0,0.00,0.00,0,0
1547848182,s3-eth2,151376.00,6190746.00,6342122.00,6190746,151376,2042.00,4089.00,6131.00,4089,2042,0.00,0.00,0,0
1547848182,s3-eth1,6190746.00,151034.00,6341780.00,151034,6190746,4089.00,2041.00,6130.00,2041,4089,0.00,0.00,0,0
1547848182,total,19024512.00,19025684.00,38050196.00,19025684,19024512,18396.00,18396.00,36792.00,18396,18396,0.00,0.00,0,0
1547848183,s5,0.00,0.00,0.00,0,0,0.00,0.00,0.00,0,0,0.00,0.00,0,0
1547848183,s1,0.00,0.00,0.00,0,0,0.00,0.00,0.00,0,0,0.00,0.00,0,0
1547848183,eth0,0.00,0.00,0.00,0,0,0.00,0.00,0.00,0,0,0.00,0.00,0,0
1547848183,eth1,0.00,0.00,0.00,0,0,0.00,0.00,0.00,0,0,0.00,0.00,0,0
1547848183,s2,0.00,0.00,0.00,0,0,0.00,0.00,0.00,0,0,0.00,0.00,0,0
1547848183,s1-eth2,149297.41,6102882.50,6252180.00,6115088,149596,2017.96,4031.94,6049.90,4040,2022,0.00,0.00,0,0
1547848183,s1-eth1,6102882.50,149297.41,6252180.00,149596,6115088,4031.94,2017.96,6049.90,2022,4040,0.00,0.00,0,0
1547848183,s3,0.00,0.00,0.00,0,0,0.00,0.00,0.00,0,0,0.00,0.00,0,0
1547848183,s2-eth2,149297.41,6104393.50,6253691.00,6116602,149596,2017.96,4032.93,6050.90,4041,2022,0.00,0.00,0,0
1547848183,s2-eth1,6102882.50,149297.41,6252180.00,149596,6115088,4031.94,2017.96,6049.90,2022,4040,0.00,0.00,0,0
1547848183,lo,886.23,886.23,1772.46,888,888,8.98,8.98,17.96,9,9,0.00,0.00,0,0
1547848183,s4,0.00,0.00,0.00,0,0,0.00,0.00,0.00,0,0,0.00,0.00,0,0
1547848183,s3-eth2,149297.41,6104393.50,6253691.00,6116602,149596,2017.96,4032.93,6050.90,4041,2022,0.00,0.00,0,0
1547848183,s3-eth1,6104393.50,149297.41,6253691.00,149596,6116602,4032.93,2017.96,6050.90,2022,4041,0.00,0.00,0,0
1547848183,total,18758936.00,18760448.00,37519388.00,18797968,18796454,18159.68,18160.68,36320.36,18197,18196,0.00,0.00,0,0
1547848184,s5,0.00,0.00,0.00,0,0,0.00,0.00,0.00,0,0,0.00,0.00,0,0
1547848184,s1,0.00,0.00,0.00,0,0,0.00,0.00,0.00,0,0,0.00,0.00,0,0
1547848184,eth0,0.00,0.00,0.00,0,0,0.00,0.00,0.00,0,0,0.00,0.00,0,0
1547848184,eth1,0.00,0.00,0.00,0,0,0.00,0.00,0.00,0,0,0.00,0.00,0,0
1547848184,s2,0.00,0.00,0.00,0,0,0.00,0.00,0.00,0,0,0.00,0.00,0,0
1547848184,s1-eth2,150146.00,6145326.00,6295472.00,6145326,150146,2029.00,4059.00,6088.00,4059,2029,0.00,0.00,0,0
1547848184,s1-eth1,6145326.00,150146.00,6295472.00,150146,6145326,4059.00,2029.00,6088.00,2029,4059,0.00,0.00,0,0
1547848184,s3,0.00,0.00,0.00,0,0,0.00,0.00,0.00,0,0,0.00,0.00,0,0
1547848184,s2-eth2,150146.00,6145326.00,6295472.00,6145326,150146,2029.00,4059.00,6088.00,4059,2029,0.00,0.00,0,0
1547848184,s2-eth1,6145326.00,150146.00,6295472.00,150146,6145326,4059.00,2029.00,6088.00,2029,4059,0.00,0.00,0,0
1547848184,lo,0.00,0.00,0.00,0,0,0.00,0.00,0.00,0,0,0.00,0.00,0,0
1547848184,s4,0.00,0.00,0.00,0,0,0.00,0.00,0.00,0,0,0.00,0.00,0,0
1547848184,s3-eth2,150146.00,6145326.00,6295472.00,6145326,150146,2029.00,4059.00,6088.00,4059,2029,0.00,0.00,0,0
1547848184,s3-eth1,6145326.00,150146.00,6295472.00,150146,6145326,4059.00,2029.00,6088.00,2029,4059,0.00,0.00,0,0
1547848184,total,18886416.00,18886416.00,37772832.00,18886416,18886416,18264.00,18264.00,36528.00,18264,18264,0.00,0.00,0,0
1547848185,s5,0.00,0.00,0.00,0,0,0.00,0.00,0.00,0,0,0.00,0.00,0,0
1547848185,s1,0.00,0.00,0.00,0,0,0.00,0.00,0.00,0,0,0.00,0.00,0,0
1547848185,eth0,0.00,0.00,0.00,0,0,0.00,0.00,0.00,0,0,0.00,0.00,0,0
1547848185,eth1,0.00,0.00,0.00,0,0,0.00,0.00,0.00,0,0,0.00,0.00,0,0
1547848185,s2,0.00,342.00,342.00,342,0,0.00,1.00,1.00,1,0,0.00,0.00,0,0
1547848185,s1-eth2,150932.00,6213456.00,6364388.00,6213456,150932,2036.00,4104.00,6140.00,4104,2036,0.00,0.00,0,0
1547848185,s1-eth1,6211942.00,150516.00,6362458.00,150516,6211942,4103.00,2034.00,6137.00,2034,4103,0.00,0.00,0,0
1547848185,s3,0.00,342.00,342.00,342,0,0.00,1.00,1.00,1,0,0.00,0.00,0,0
1547848185,s2-eth2,150932.00,6214970.00,6365902.00,6214970,150932,2036.00,4105.00,6141.00,4105,2036,0.00,0.00,0,0
1547848185,s2-eth1,6214970.00,150932.00,6365902.00,150932,6214970,4105.00,2036.00,6141.00,2036,4105,0.00,0.00,0,0
1547848185,lo,652.00,652.00,1304.00,652,652,6.00,6.00,12.00,6,6,0.00,0.00,0,0
1547848185,s4,0.00,0.00,0.00,0,0,0.00,0.00,0.00,0,0,0.00,0.00,0,0
1547848185,s3-eth2,150858.00,6214970.00,6365828.00,6214970,150858,2035.00,4105.00,6140.00,4105,2035,0.00,0.00,0,0
1547848185,s3-eth1,6214970.00,150932.00,6365902.00,150932,6214970,4105.00,2036.00,6141.00,2036,4105,0.00,0.00,0,0
1547848185,total,19095256.00,19097112.00,38192368.00,19097112,19095256,18426.00,18428.00,36854.00,18428,18426,0.00,0.00,0,0
1547848186,s5,0.00,0.00,0.00,0,0,0.00,0.00,0.00,0,0,0.00,0.00,0,0
1547848186,s1,0.00,0.00,0.00,0,0,0.00,0.00,0.00,0,0,0.00,0.00,0,0
1547848186,eth0,0.00,0.00,0.00,0,0,0.00,0.00,0.00,0,0,0.00,0.00,0,0
1547848186,eth1,0.00,0.00,0.00,0,0,0.00,0.00,0.00,0,0,0.00,0.00,0,0
1547848186,s2,0.00,0.00,0.00,0,0,0.00,0.00,0.00,0,0,0.00,0.00,0,0
1547848186,s1-eth2,150960.00,6177120.00,6328080.00,6177120,150960,2040.00,4080.00,6120.00,4080,2040,0.00,0.00,0,0
1547848186,s1-eth1,6177120.00,150960.00,6328080.00,150960,6177120,4080.00,2040.00,6120.00,2040,4080,0.00,0.00,0,0
1547848186,s3,0.00,0.00,0.00,0,0,0.00,0.00,0.00,0,0,0.00,0.00,0,0
1547848186,s2-eth2,150960.00,6175606.00,6326566.00,6175606,150960,2040.00,4079.00,6119.00,4079,2040,0.00,0.00,0,0
1547848186,s2-eth1,6175606.00,150960.00,6326566.00,150960,6175606,4079.00,2040.00,6119.00,2040,4079,0.00,0.00,0,0
1547848186,lo,0.00,0.00,0.00,0,0,0.00,0.00,0.00,0,0,0.00,0.00,0,0
1547848186,s4,0.00,0.00,0.00,0,0,0.00,0.00,0.00,0,0,0.00,0.00,0,0
1547848186,s3-eth2,150960.00,6175606.00,6326566.00,6175606,150960,2040.00,4079.00,6119.00,4079,2040,0.00,0.00,0,0
1547848186,s3-eth1,6175606.00,150960.00,6326566.00,150960,6175606,4079.00,2040.00,6119.00,2040,4079,0.00,0.00,0,0
1547848186,total,18981212.00,18981212.00,37962424.00,18981212,18981212,18358.00,18358.00,36716.00,18358,18358,0.00,0.00,0,0
1547848187,s5,0.00,0.00,0.00,0,0,0.00,0.00,0.00,0,0,0.00,0.00,0,0
1547848187,s1,0.00,342.00,342.00,342,0,0.00,1.00,1.00,1,0,0.00,0.00,0,0
1547848187,eth0,0.00,0.00,0.00,0,0,0.00,0.00,0.00,0,0,0.00,0.00,0,0
1547848187,eth1,0.00,0.00,0.00,0,0,0.00,0.00,0.00,0,0,0.00,0.00,0,0
1547848187,s2,0.00,0.00,0.00,0,0,0.00,0.00,0.00,0,0,0.00,0.00,0,0
1547848187,s1-eth2,151774.00,6153238.00,6305012.00,6153238,151774,2051.00,4065.00,6116.00,4065,2051,0.00,0.00,0,0
1547848187,s1-eth1,6154752.00,151774.00,6306526.00,151774,6154752,4066.00,2051.00,6117.00,2051,4066,0.00,0.00,0,0
1547848187,s3,0.00,0.00,0.00,0,0,0.00,0.00,0.00,0,0,0.00,0.00,0,0
1547848187,s2-eth2,151774.00,6154410.00,6306184.00,6154410,151774,2051.00,4065.00,6116.00,4065,2051,0.00,0.00,0,0
1547848187,s2-eth1,6153238.00,151774.00,6305012.00,151774,6153238,4065.00,2051.00,6116.00,2051,4065,0.00,0.00,0,0
1547848187,lo,670.00,670.00,1340.00,670,670,9.00,9.00,18.00,9,9,0.00,0.00,0,0
1547848187,s4,0.00,0.00,0.00,0,0,0.00,0.00,0.00,0,0,0.00,0.00,0,0
1547848187,s3-eth2,151700.00,6154410.00,6306110.00,6154410,151700,2050.00,4065.00,6115.00,4065,2050,0.00,0.00,0,0
1547848187,s3-eth1,6154410.00,151774.00,6306184.00,151774,6154410,4065.00,2051.00,6116.00,2051,4065,0.00,0.00,0,0
1547848187,total,18918318.00,18918392.00,37836712.00,18918392,18918318,18357.00,18358.00,36715.00,18358,18357,0.00,0.00,0,0
1547848188,s5,0.00,0.00,0.00,0,0,0.00,0.00,0.00,0,0,0.00,0.00,0,0
1547848188,s1,0.00,107.00,107.00,107,0,0.00,1.00,1.00,1,0,0.00,0.00,0,0
1547848188,eth0,0.00,0.00,0.00,0,0,0.00,0.00,0.00,0,0,0.00,0.00,0,0
1547848188,eth1,0.00,0.00,0.00,0,0,0.00,0.00,0.00,0,0,0.00,0.00,0,0
1547848188,s2,0.00,107.00,107.00,107,0,0.00,1.00,1.00,1,0,0.00,0.00,0,0
1547848188,s1-eth2,149587.00,6175713.00,6325300.00,6175713,149587,2021.00,4080.00,6101.00,4080,2021,0.00,0.00,0,0
1547848188,s1-eth1,6174648.00,149554.00,6324202.00,149554,6174648,4081.00,2021.00,6102.00,2021,4081,0.00,0.00,0,0
1547848188,s3,0.00,107.00,107.00,107,0,0.00,1.00,1.00,1,0,0.00,0.00,0,0
1547848188,s2-eth2,149587.00,6177120.00,6326707.00,6177120,149587,2021.00,4080.00,6101.00,4080,2021,0.00,0.00,0,0
1547848188,s2-eth1,6175713.00,149587.00,6325300.00,149587,6175713,4080.00,2021.00,6101.00,2021,4080,0.00,0.00,0,0
1547848188,lo,915.00,915.00,1830.00,915,915,9.00,9.00,18.00,9,9,0.00,0.00,0,0
1547848188,s4,0.00,0.00,0.00,0,0,0.00,0.00,0.00,0,0,0.00,0.00,0,0
1547848188,s3-eth2,150184.00,6175606.00,6325790.00,6175606,150184,2025.00,4079.00,6104.00,4079,2025,0.00,0.00,0,0
1547848188,s3-eth1,6177120.00,149587.00,6326707.00,149587,6177120,4080.00,2021.00,6101.00,2021,4080,0.00,0.00,0,0
1547848188,total,18977754.00,18978404.00,37956156.00,18978403,18977754,18317.00,18314.00,36631.00,18314,18317,0.00,0.00,0,0
1547848189,s5,0.00,0.00,0.00,0,0,0.00,0.00,0.00,0,0,0.00,0.00,0,0
1547848189,s1,0.00,107.00,107.00,107,0,0.00,1.00,1.00,1,0,0.00,0.00,0,0
1547848189,eth0,0.00,0.00,0.00,0,0,0.00,0.00,0.00,0,0,0.00,0.00,0,0
1547848189,eth1,0.00,0.00,0.00,0,0,0.00,0.00,0.00,0,0,0.00,0.00,0,0
1547848189,s2,0.00,107.00,107.00,107,0,0.00,1.00,1.00,1,0,0.00,0.00,0,0
1547848189,s1-eth2,151700.00,6148461.00,6300161.00,6148461,151700,2050.00,4062.00,6112.00,4062,2050,0.00,0.00,0,0
1547848189,s1-eth1,6149975.00,151626.00,6301601.00,151626,6149975,4063.00,2049.00,6112.00,2049,4063,0.00,0.00,0,0
1547848189,s3,0.00,107.00,107.00,107,0,0.00,1.00,1.00,1,0,0.00,0.00,0,0
1547848189,s2-eth2,151807.00,6146947.00,6298754.00,6146947,151807,2051.00,4061.00,6112.00,4061,2051,0.00,0.00,0,0
1547848189,s2-eth1,6148461.00,151700.00,6300161.00,151700,6148461,4062.00,2050.00,6112.00,2050,4062,0.00,0.00,0,0
1547848189,lo,915.00,915.00,1830.00,915,915,9.00,9.00,18.00,9,9,0.00,0.00,0,0
1547848189,s4,0.00,0.00,0.00,0,0,0.00,0.00,0.00,0,0,0.00,0.00,0,0
1547848189,s3-eth2,151733.00,6146840.00,6298573.00,6146840,151733,2050.00,4060.00,6110.00,4060,2050,0.00,0.00,0,0
1547848189,s3-eth1,6146947.00,151807.00,6298754.00,151807,6146947,4061.00,2051.00,6112.00,2051,4061,0.00,0.00,0,0
1547848189,total,18901538.00,18898616.00,37800156.00,18898617,18901538,18346.00,18345.00,36691.00,18345,18346,0.00,0.00,0,0
1547848190,s5,0.00,0.00,0.00,0,0,0.00,0.00,0.00,0,0,0.00,0.00,0,0
1547848190,s1,0.00,0.00,0.00,0,0,0.00,0.00,0.00,0,0,0.00,0.00,0,0
1547848190,eth0,0.00,0.00,0.00,0,0,0.00,0.00,0.00,0,0,0.00,0.00,0,0
1547848190,eth1,0.00,0.00,0.00,0,0,0.00,0.00,0.00,0,0,0.00,0.00,0,0
1547848190,s2,0.00,0.00,0.00,0,0,0.00,0.00,0.00,0,0,0.00,0.00,0,0
1547848190,s1-eth2,150738.00,6177120.00,6327858.00,6177120,150738,2037.00,4080.00,6117.00,4080,2037,0.00,0.00,0,0
1547848190,s1-eth1,6175606.00,150812.00,6326418.00,150812,6175606,4079.00,2038.00,6117.00,2038,4079,0.00,0.00,0,0
1547848190,s3,0.00,0.00,0.00,0,0,0.00,0.00,0.00,0,0,0.00,0.00,0,0
1547848190,s2-eth2,150661.34,6169436.50,6320098.00,6175606,150812,2035.96,4074.93,6110.89,4079,2038,0.00,0.00,0,0
1547848190,s2-eth1,6170949.00,150587.42,6321536.50,150738,6177120,4075.92,2034.97,6110.89,2037,4080,0.00,0.00,0,0
1547848190,lo,0.00,0.00,0.00,0,0,0.00,0.00,0.00,0,0,0.00,0.00,0,0
1547848190,s4,0.00,0.00,0.00,0,0,0.00,0.00,0.00,0,0,0.00,0.00,0,0
1547848190,s3-eth2,150661.34,6169436.50,6320098.00,6175606,150812,2035.96,4074.93,6110.89,4079,2038,0.00,0.00,0,0
1547848190,s3-eth1,6169436.50,150661.34,6320098.00,150812,6175606,4074.93,2035.96,6110.89,2038,4079,0.00,0.00,0,0
1547848190,total,18961732.00,18961732.00,37923464.00,18980694,18980694,18332.67,18332.67,36665.34,18351,18351,0.00,0.00,0,0
1547848191,s5,0.00,0.00,0.00,0,0,0.00,0.00,0.00,0,0,0.00,0.00,0,0
1547848191,s1,0.00,0.00,0.00,0,0,0.00,0.00,0.00,0,0,0.00,0.00,0,0
1547848191,eth0,0.00,0.00,0.00,0,0,0.00,0.00,0.00,0,0,0.00,0.00,0,0
1547848191,eth1,0.00,0.00,0.00,0,0,0.00,0.00,0.00,0,0,0.00,0.00,0,0
1547848191,s2,0.00,0.00,0.00,0,0,0.00,0.00,0.00,0,0,0.00,0.00,0,0
1547848191,s1-eth2,150960.00,6186204.00,6337164.00,6186204,150960,2040.00,4086.00,6126.00,4086,2040,0.00,0.00,0,0
1547848191,s1-eth1,6187718.00,150960.00,6338678.00,150960,6187718,4087.00,2040.00,6127.00,2040,4087,0.00,0.00,0,0
1547848191,s3,0.00,0.00,0.00,0,0,0.00,0.00,0.00,0,0,0.00,0.00,0,0
1547848191,s2-eth2,150960.00,6181662.00,6332622.00,6181662,150960,2040.00,4083.00,6123.00,4083,2040,0.00,0.00,0,0
1547848191,s2-eth1,6186204.00,150960.00,6337164.00,150960,6186204,4086.00,2040.00,6126.00,2040,4086,0.00,0.00,0,0
1547848191,lo,0.00,0.00,0.00,0,0,0.00,0.00,0.00,0,0,0.00,0.00,0,0
1547848191,s4,0.00,0.00,0.00,0,0,0.00,0.00,0.00,0,0,0.00,0.00,0,0
1547848191,s3-eth2,150960.00,6181662.00,6332622.00,6181662,150960,2040.00,4083.00,6123.00,4083,2040,0.00,0.00,0,0
1547848191,s3-eth1,6181662.00,150960.00,6332622.00,150960,6181662,4083.00,2040.00,6123.00,2040,4083,0.00,0.00,0,0
1547848191,total,19008464.00,19002408.00,38010872.00,19002408,19008464,18376.00,18372.00,36748.00,18372,18376,0.00,0.00,0,0
1547848192,s5,0.00,0.00,0.00,0,0,0.00,0.00,0.00,0,0,0.00,0.00,0,0
1547848192,s1,0.00,0.00,0.00,0,0,0.00,0.00,0.00,0,0,0.00,0.00,0,0
1547848192,eth0,0.00,0.00,0.00,0,0,0.00,0.00,0.00,0,0,0.00,0.00,0,0
1547848192,eth1,0.00,0.00,0.00,0,0,0.00,0.00,0.00,0,0,0.00,0.00,0,0
1547848192,s2,0.00,342.00,342.00,342,0,0.00,1.00,1.00,1,0,0.00,0.00,0,0
1547848192,s1-eth2,151746.00,6180148.00,6331894.00,6180148,151746,2047.00,4082.00,6129.00,4082,2047,0.00,0.00,0,0
1547848192,s1-eth1,6180148.00,151330.00,6331478.00,151330,6180148,4082.00,2045.00,6127.00,2045,4082,0.00,0.00,0,0
1547848192,s3,0.00,342.00,342.00,342,0,0.00,1.00,1.00,1,0,0.00,0.00,0,0
1547848192,s2-eth2,151672.00,6181662.00,6333334.00,6181662,151672,2046.00,4083.00,6129.00,4083,2046,0.00,0.00,0,0
1547848192,s2-eth1,6180148.00,151746.00,6331894.00,151746,6180148,4082.00,2047.00,6129.00,2047,4082,0.00,0.00,0,0
1547848192,lo,996.00,996.00,1992.00,996,996,12.00,12.00,24.00,12,12,0.00,0.00,0,0
1547848192,s4,0.00,0.00,0.00,0,0,0.00,0.00,0.00,0,0,0.00,0.00,0,0
1547848192,s3-eth2,151672.00,6181662.00,6333334.00,6181662,151672,2046.00,4083.00,6129.00,4083,2046,0.00,0.00,0,0
1547848192,s3-eth1,6181662.00,151672.00,6333334.00,151672,6181662,4083.00,2046.00,6129.00,2046,4083,0.00,0.00,0,0
1547848192,total,18998044.00,18999900.00,37997944.00,18999900,18998044,18398.00,18400.00,36798.00,18400,18398,0.00,0.00,0,0
1547848193,s5,0.00,0.00,0.00,0,0,0.00,0.00,0.00,0,0,0.00,0.00,0,0
1547848193,s1,0.00,0.00,0.00,0,0,0.00,0.00,0.00,0,0,0.00,0.00,0,0
1547848193,eth0,0.00,0.00,0.00,0,0,0.00,0.00,0.00,0,0,0.00,0.00,0,0
1547848193,eth1,0.00,0.00,0.00,0,0,0.00,0.00,0.00,0,0,0.00,0.00,0,0
1547848193,s2,0.00,0.00,0.00,0,0,0.00,0.00,0.00,0,0,0.00,0.00,0,0
1547848193,s1-eth2,151108.00,6190746.00,6341854.00,6190746,151108,2042.00,4089.00,6131.00,4089,2042,0.00,0.00,0,0
1547848193,s1-eth1,6190746.00,151182.00,6341928.00,151182,6190746,4089.00,2043.00,6132.00,2043,4089,0.00,0.00,0,0
1547848193,s3,0.00,342.00,342.00,342,0,0.00,1.00,1.00,1,0,0.00,0.00,0,0
1547848193,s2-eth2,151450.00,6190746.00,6342196.00,6190746,151450,2043.00,4089.00,6132.00,4089,2043,0.00,0.00,0,0
1547848193,s2-eth1,6190746.00,151108.00,6341854.00,151108,6190746,4089.00,2042.00,6131.00,2042,4089,0.00,0.00,0,0
1547848193,lo,326.00,326.00,652.00,326,326,3.00,3.00,6.00,3,3,0.00,0.00,0,0
1547848193,s4,0.00,0.00,0.00,0,0,0.00,0.00,0.00,0,0,0.00,0.00,0,0
1547848193,s3-eth2,151450.00,6190746.00,6342196.00,6190746,151450,2043.00,4089.00,6132.00,4089,2043,0.00,0.00,0,0
1547848193,s3-eth1,6190746.00,151450.00,6342196.00,151450,6190746,4089.00,2043.00,6132.00,2043,4089,0.00,0.00,0,0
1547848193,total,19026572.00,19026646.00,38053216.00,19026646,19026572,18398.00,18399.00,36797.00,18399,18398,0.00,0.00,0,0
1547848194,s5,0.00,0.00,0.00,0,0,0.00,0.00,0.00,0,0,0.00,0.00,0,0
1547848194,s1,0.00,0.00,0.00,0,0,0.00,0.00,0.00,0,0,0.00,0.00,0,0
1547848194,eth0,0.00,0.00,0.00,0,0,0.00,0.00,0.00,0,0,0.00,0.00,0,0
1547848194,eth1,0.00,0.00,0.00,0,0,0.00,0.00,0.00,0,0,0.00,0.00,0,0
1547848194,s2,0.00,0.00,0.00,0,0,0.00,0.00,0.00,0,0,0.00,0.00,0,0
1547848194,s1-eth2,151626.00,6251306.00,6402932.00,6251306,151626,2049.00,4129.00,6178.00,4129,2049,0.00,0.00,0,0
1547848194,s1-eth1,6251306.00,151626.00,6402932.00,151626,6251306,4129.00,2049.00,6178.00,2049,4129,0.00,0.00,0,0
1547848194,s3,0.00,0.00,0.00,0,0,0.00,0.00,0.00,0,0,0.00,0.00,0,0
1547848194,s2-eth2,151626.00,6251306.00,6402932.00,6251306,151626,2049.00,4129.00,6178.00,4129,2049,0.00,0.00,0,0
1547848194,s2-eth1,6251306.00,151626.00,6402932.00,151626,6251306,4129.00,2049.00,6178.00,2049,4129,0.00,0.00,0,0
1547848194,lo,172.00,172.00,344.00,172,172,3.00,3.00,6.00,3,3,0.00,0.00,0,0
1547848194,s4,0.00,0.00,0.00,0,0,0.00,0.00,0.00,0,0,0.00,0.00,0,0
1547848194,s3-eth2,151700.00,6251306.00,6403006.00,6251306,151700,2050.00,4129.00,6179.00,4129,2050,0.00,0.00,0,0
1547848194,s3-eth1,6251306.00,151626.00,6402932.00,151626,6251306,4129.00,2049.00,6178.00,2049,4129,0.00,0.00,0,0
1547848194,total,19209042.00,19208968.00,38418008.00,19208968,19209042,18538.00,18537.00,37075.00,18537,18538,0.00,0.00,0,0
1547848195,s5,0.00,0.00,0.00,0,0,0.00,0.00,0.00,0,0,0.00,0.00,0,0
1547848195,s1,0.00,0.00,0.00,0,0,0.00,0.00,0.00,0,0,0.00,0.00,0,0
1547848195,eth0,0.00,0.00,0.00,0,0,0.00,0.00,0.00,0,0,0.00,0.00,0,0
1547848195,eth1,0.00,0.00,0.00,0,0,0.00,0.00,0.00,0,0,0.00,0.00,0,0
1547848195,s2,0.00,0.00,0.00,0,0,0.00,0.00,0.00,0,0,0.00,0.00,0,0
1547848195,s1-eth2,151700.00,6207400.00,6359100.00,6207400,151700,2050.00,4100.00,6150.00,4100,2050,0.00,0.00,0,0
1547848195,s1-eth1,6207400.00,151626.00,6359026.00,151626,6207400,4100.00,2049.00,6149.00,2049,4100,0.00,0.00,0,0
1547848195,s3,0.00,0.00,0.00,0,0,0.00,0.00,0.00,0,0,0.00,0.00,0,0
1547848195,s2-eth2,151700.00,6207400.00,6359100.00,6207400,151700,2050.00,4100.00,6150.00,4100,2050,0.00,0.00,0,0
1547848195,s2-eth1,6207400.00,151700.00,6359100.00,151700,6207400,4100.00,2050.00,6150.00,2050,4100,0.00,0.00,0,0
1547848195,lo,0.00,0.00,0.00,0,0,0.00,0.00,0.00,0,0,0.00,0.00,0,0
1547848195,s4,0.00,0.00,0.00,0,0,0.00,0.00,0.00,0,0,0.00,0.00,0,0
1547848195,s3-eth2,151626.00,6207400.00,6359026.00,6207400,151626,2049.00,4100.00,6149.00,4100,2049,0.00,0.00,0,0
1547848195,s3-eth1,6207400.00,151700.00,6359100.00,151700,6207400,4100.00,2050.00,6150.00,2050,4100,0.00,0.00,0,0
1547848195,total,19077226.00,19077226.00,38154452.00,19077226,19077226,18449.00,18449.00,36898.00,18449,18449,0.00,0.00,0,0
1547848196,s5,0.00,0.00,0.00,0,0,0.00,0.00,0.00,0,0,0.00,0.00,0,0
1547848196,s1,0.00,0.00,0.00,0,0,0.00,0.00,0.00,0,0,0.00,0.00,0,0
1547848196,eth0,0.00,0.00,0.00,0,0,0.00,0.00,0.00,0,0,0.00,0.00,0,0
1547848196,eth1,0.00,0.00,0.00,0,0,0.00,0.00,0.00,0,0,0.00,0.00,0,0
1547848196,s2,0.00,0.00,0.00,0,0,0.00,0.00,0.00,0,0,0.00,0.00,0,0
1547848196,s1-eth2,150442.00,6139270.00,6289712.00,6139270,150442,2033.00,4055.00,6088.00,4055,2033,0.00,0.00,0,0
1547848196,s1-eth1,6139270.00,150516.00,6289786.00,150516,6139270,4055.00,2034.00,6089.00,2034,4055,0.00,0.00,0,0
1547848196,s3,0.00,0.00,0.00,0,0,0.00,0.00,0.00,0,0,0.00,0.00,0,0
1547848196,s2-eth2,150442.00,6139270.00,6289712.00,6139270,150442,2033.00,4055.00,6088.00,4055,2033,0.00,0.00,0,0
1547848196,s2-eth1,6139270.00,150442.00,6289712.00,150442,6139270,4055.00,2033.00,6088.00,2033,4055,0.00,0.00,0,0
1547848196,lo,0.00,0.00,0.00,0,0,0.00,0.00,0.00,0,0,0.00,0.00,0,0
1547848196,s4,0.00,0.00,0.00,0,0,0.00,0.00,0.00,0,0,0.00,0.00,0,0
1547848196,s3-eth2,150858.00,6139270.00,6290128.00,6139270,150858,2035.00,4055.00,6090.00,4055,2035,0.00,0.00,0,0
1547848196,s3-eth1,6139270.00,150442.00,6289712.00,150442,6139270,4055.00,2033.00,6088.00,2033,4055,0.00,0.00,0,0
1547848196,total,18869552.00,18869210.00,37738760.00,18869210,18869552,18266.00,18265.00,36531.00,18265,18266,0.00,0.00,0,0
1547848197,s5,0.00,0.00,0.00,0,0,0.00,0.00,0.00,0,0,0.00,0.00,0,0
1547848197,s1,0.00,342.00,342.00,342,0,0.00,1.00,1.00,1,0,0.00,0.00,0,0
1547848197,eth0,0.00,0.00,0.00,0,0,0.00,0.00,0.00,0,0,0.00,0.00,0,0
1547848197,eth1,0.00,0.00,0.00,0,0,0.00,0.00,0.00,0,0,0.00,0.00,0,0
1547848197,s2,0.00,342.00,342.00,342,0,0.00,1.00,1.00,1,0,0.00,0.00,0,0
1547848197,s1-eth2,152218.00,6242564.00,6394782.00,6242564,152218,2057.00,4124.00,6181.00,4124,2057,0.00,0.00,0,0
1547848197,s1-eth1,6242564.00,152218.00,6394782.00,152218,6242564,4124.00,2057.00,6181.00,2057,4124,0.00,0.00,0,0
1547848197,s3,0.00,0.00,0.00,0,0,0.00,0.00,0.00,0,0,0.00,0.00,0,0
1547848197,s2-eth2,152218.00,6242564.00,6394782.00,6242564,152218,2057.00,4124.00,6181.00,4124,2057,0.00,0.00,0,0
1547848197,s2-eth1,6242564.00,152218.00,6394782.00,152218,6242564,4124.00,2057.00,6181.00,2057,4124,0.00,0.00,0,0
1547848197,lo,1168.00,1168.00,2336.00,1168,1168,15.00,15.00,30.00,15,15,0.00,0.00,0,0
1547848197,s4,0.00,0.00,0.00,0,0,0.00,0.00,0.00,0,0,0.00,0.00,0,0
1547848197,s3-eth2,152218.00,6243736.00,6395954.00,6243736,152218,2057.00,4124.00,6181.00,4124,2057,0.00,0.00,0,0
1547848197,s3-eth1,6242564.00,152218.00,6394782.00,152218,6242564,4124.00,2057.00,6181.00,2057,4124,0.00,0.00,0,0
1547848197,total,19185514.00,19187370.00,38372884.00,19187370,19185514,18558.00,18560.00,37118.00,18560,18558,0.00,0.00,0,0
1547848198,s5,0.00,0.00,0.00,0,0,0.00,0.00,0.00,0,0,0.00,0.00,0,0
1547848198,s1,0.00,0.00,0.00,0,0,0.00,0.00,0.00,0,0,0.00,0.00,0,0
1547848198,eth0,0.00,0.00,0.00,0,0,0.00,0.00,0.00,0,0,0.00,0.00,0,0
1547848198,eth1,0.00,0.00,0.00,0,0,0.00,0.00,0.00,0,0,0.00,0.00,0,0
1547848198,s2,0.00,0.00,0.00,0,0,0.00,0.00,0.00,0,0,0.00,0.00,0,0
1547848198,s1-eth2,149922.08,6098350.00,6248272.00,6104448,150072,2025.97,4027.97,6053.95,4032,2028,0.00,0.00,0,0
1547848198,s1-eth1,6098691.50,149922.08,6248613.50,150072,6104790,4028.97,2025.97,6054.95,2028,4033,0.00,0.00,0,0
1547848198,s3,0.00,0.00,0.00,0,0,0.00,0.00,0.00,0,0,0.00,0.00,0,0
1547848198,s2-eth2,149996.02,6098350.00,6248346.00,6104448,150146,2026.97,4027.97,6054.95,4032,2029,0.00,0.00,0,0
1547848198,s2-eth1,6098350.00,149922.08,6248272.00,150072,6104448,4027.97,2025.97,6053.95,2028,4032,0.00,0.00,0,0
1547848198,lo,171.83,171.83,343.66,172,172,3.00,3.00,5.99,3,3,0.00,0.00,0,0
1547848198,s4,0.00,0.00,0.00,0,0,0.00,0.00,0.00,0,0,0.00,0.00,0,0
1547848198,s3-eth2,149922.08,6098350.00,6248272.00,6104448,150072,2025.97,4027.97,6053.95,4032,2028,0.00,0.00,0,0
1547848198,s3-eth1,6098350.00,149996.02,6248346.00,150146,6104448,4027.97,2026.97,6054.95,2029,4032,0.00,0.00,0,0
1547848198,total,18745404.00,18745062.00,37490464.00,18763806,18764148,18166.83,18165.83,36332.67,18184,18185,0.00,0.00,0,0
1547848199,s5,0.00,0.00,0.00,0,0,0.00,0.00,0.00,0,0,0.00,0.00,0,0
1547848199,s1,0.00,0.00,0.00,0,0,0.00,0.00,0.00,0,0,0.00,0.00,0,0
1547848199,eth0,0.00,0.00,0.00,0,0,0.00,0.00,0.00,0,0,0.00,0.00,0,0
1547848199,eth1,0.00,0.00,0.00,0,0,0.00,0.00,0.00,0,0,0.00,0.00,0,0
1547848199,s2,0.00,0.00,0.00,0,0,0.00,0.00,0.00,0,0,0.00,0.00,0,0
1547848199,s1-eth2,151848.00,6217998.00,6369846.00,6217998,151848,2052.00,4107.00,6159.00,4107,2052,0.00,0.00,0,0
1547848199,s1-eth1,6217998.00,151774.00,6369772.00,151774,6217998,4107.00,2051.00,6158.00,2051,4107,0.00,0.00,0,0
1547848199,s3,0.00,0.00,0.00,0,0,0.00,0.00,0.00,0,0,0.00,0.00,0,0
1547848199,s2-eth2,151774.00,6217998.00,6369772.00,6217998,151774,2051.00,4107.00,6158.00,4107,2051,0.00,0.00,0,0
1547848199,s2-eth1,6217998.00,151848.00,6369846.00,151848,6217998,4107.00,2052.00,6159.00,2052,4107,0.00,0.00,0,0
1547848199,lo,0.00,0.00,0.00,0,0,0.00,0.00,0.00,0,0,0.00,0.00,0,0
1547848199,s4,0.00,0.00,0.00,0,0,0.00,0.00,0.00,0,0,0.00,0.00,0,0
1547848199,s3-eth2,151774.00,6217998.00,6369772.00,6217998,151774,2051.00,4107.00,6158.00,4107,2051,0.00,0.00,0,0
1547848199,s3-eth1,6217998.00,151774.00,6369772.00,151774,6217998,4107.00,2051.00,6158.00,2051,4107,0.00,0.00,0,0
1547848199,total,19109390.00,19109390.00,38218780.00,19109390,19109390,18475.00,18475.00,36950.00,18475,18475,0.00,0.00,0,0
1547848200,s5,0.00,0.00,0.00,0,0,0.00,0.00,0.00,0,0,0.00,0.00,0,0
1547848200,s1,0.00,342.00,342.00,342,0,0.00,1.00,1.00,1,0,0.00,0.00,0,0
1547848200,eth0,0.00,0.00,0.00,0,0,0.00,0.00,0.00,0,0,0.00,0.00,0,0
1547848200,eth1,0.00,0.00,0.00,0,0,0.00,0.00,0.00,0,0,0.00,0.00,0,0
1547848200,s2,0.00,0.00,0.00,0,0,0.00,0.00,0.00,0,0,0.00,0.00,0,0
1547848200,s1-eth2,148814.00,6106304.00,6255118.00,6106304,148814,2011.00,4034.00,6045.00,4034,2011,0.00,0.00,0,0
1547848200,s1-eth1,6106304.00,148814.00,6255118.00,148814,6106304,4034.00,2011.00,6045.00,2011,4034,0.00,0.00,0,0
1547848200,s3,0.00,0.00,0.00,0,0,0.00,0.00,0.00,0,0,0.00,0.00,0,0
1547848200,s2-eth2,148814.00,6108990.00,6257804.00,6108990,148814,2011.00,4035.00,6046.00,4035,2011,0.00,0.00,0,0
1547848200,s2-eth1,6106304.00,148814.00,6255118.00,148814,6106304,4034.00,2011.00,6045.00,2011,4034,0.00,0.00,0,0
1547848200,lo,326.00,326.00,652.00,326,326,3.00,3.00,6.00,3,3,0.00,0.00,0,0
1547848200,s4,0.00,0.00,0.00,0,0,0.00,0.00,0.00,0,0,0.00,0.00,0,0
1547848200,s3-eth2,148814.00,6107476.00,6256290.00,6107476,148814,2011.00,4034.00,6045.00,4034,2011,0.00,0.00,0,0
1547848200,s3-eth1,6108990.00,148814.00,6257804.00,148814,6108990,4035.00,2011.00,6046.00,2011,4035,0.00,0.00,0,0
1547848200,total,18768366.00,18769880.00,37538248.00,18769880,18768366,18139.00,18140.00,36279.00,18140,18139,0.00,0.00,0,0
1547848201,s5,0.00,0.00,0.00,0,0,0.00,0.00,0.00,0,0,0.00,0.00,0,0
1547848201,s1,0.00,0.00,0.00,0,0,0.00,0.00,0.00,0,0,0.00,0.00,0,0
1547848201,eth0,0.00,0.00,0.00,0,0,0.00,0.00,0.00,0,0,0.00,0.00,0,0
1547848201,eth1,0.00,0.00,0.00,0,0,0.00,0.00,0.00,0,0,0.00,0.00,0,0
1547848201,s2,0.00,0.00,0.00,0,0,0.00,0.00,0.00,0,0,0.00,0.00,0,0
1547848201,s1-eth2,143930.00,5877348.00,6021278.00,5877348,143930,1945.00,3882.00,5827.00,3882,1945,0.00,0.00,0,0
1547848201,s1-eth1,5878862.00,143930.00,6022792.00,143930,5878862,3883.00,1945.00,5828.00,1945,3883,0.00,0.00,0,0
1547848201,s3,0.00,0.00,0.00,0,0,0.00,0.00,0.00,0,0,0.00,0.00,0,0
1547848201,s2-eth2,143930.00,5874320.00,6018250.00,5874320,143930,1945.00,3880.00,5825.00,3880,1945,0.00,0.00,0,0
1547848201,s2-eth1,5877348.00,143930.00,6021278.00,143930,5877348,3882.00,1945.00,5827.00,1945,3882,0.00,0.00,0,0
1547848201,lo,0.00,0.00,0.00,0,0,0.00,0.00,0.00,0,0,0.00,0.00,0,0
1547848201,s4,0.00,0.00,0.00,0,0,0.00,0.00,0.00,0,0,0.00,0.00,0,0
1547848201,s3-eth2,144004.00,5872806.00,6016810.00,5872806,144004,1946.00,3879.00,5825.00,3879,1946,0.00,0.00,0,0
1547848201,s3-eth1,5874320.00,143930.00,6018250.00,143930,5874320,3880.00,1945.00,5825.00,1945,3880,0.00,0.00,0,0
1547848201,total,18062394.00,18056264.00,36118656.00,18056264,18062394,17481.00,17476.00,34957.00,17476,17481,0.00,0.00,0,0
1547848202,s5,0.00,0.00,0.00,0,0,0.00,0.00,0.00,0,0,0.00,0.00,0,0
1547848202,s1,0.00,0.00,0.00,0,0,0.00,0.00,0.00,0,0,0.00,0.00,0,0
1547848202,eth0,0.00,0.00,0.00,0,0,0.00,0.00,0.00,0,0,0.00,0.00,0,0
1547848202,eth1,0.00,0.00,0.00,0,0,0.00,0.00,0.00,0,0,0.00,0.00,0,0
1547848202,s2,0.00,0.00,0.00,0,0,0.00,0.00,0.00,0,0,0.00,0.00,0,0
1547848202,s1-eth2,151922.00,6217998.00,6369920.00,6217998,151922,2053.00,4107.00,6160.00,4107,2053,0.00,0.00,0,0
1547848202,s1-eth1,6217998.00,151996.00,6369994.00,151996,6217998,4107.00,2054.00,6161.00,2054,4107,0.00,0.00,0,0
1547848202,s3,0.00,0.00,0.00,0,0,0.00,0.00,0.00,0,0,0.00,0.00,0,0
1547848202,s2-eth2,151922.00,6217998.00,6369920.00,6217998,151922,2053.00,4107.00,6160.00,4107,2053,0.00,0.00,0,0
1547848202,s2-eth1,6217998.00,151922.00,6369920.00,151922,6217998,4107.00,2053.00,6160.00,2053,4107,0.00,0.00,0,0
1547848202,lo,516.00,516.00,1032.00,516,516,9.00,9.00,18.00,9,9,0.00,0.00,0,0
1547848202,s4,0.00,0.00,0.00,0,0,0.00,0.00,0.00,0,0,0.00,0.00,0,0
1547848202,s3-eth2,151922.00,6219512.00,6371434.00,6219512,151922,2053.00,4108.00,6161.00,4108,2053,0.00,0.00,0,0
1547848202,s3-eth1,6217998.00,151922.00,6369920.00,151922,6217998,4107.00,2053.00,6160.00,2053,4107,0.00,0.00,0,0
1547848202,total,19110276.00,19111864.00,38222140.00,19111864,19110276,18489.00,18491.00,36980.00,18491,18489,0.00,0.00,0,0
1547848203,s5,0.00,0.00,0.00,0,0,0.00,0.00,0.00,0,0,0.00,0.00,0,0
1547848203,s1,0.00,0.00,0.00,0,0,0.00,0.00,0.00,0,0,0.00,0.00,0,0
1547848203,eth0,0.00,0.00,0.00,0,0,0.00,0.00,0.00,0,0,0.00,0.00,0,0
1547848203,eth1,0.00,0.00,0.00,0,0,0.00,0.00,0.00,0,0,0.00,0.00,0,0
1547848203,s2,0.00,0.00,0.00,0,0,0.00,0.00,0.00,0,0,0.00,0.00,0,0
1547848203,s1-eth2,152070.00,6246764.00,6398834.00,6246764,152070,2055.00,4126.00,6181.00,4126,2055,0.00,0.00,0,0
1547848203,s1-eth1,6245250.00,151996.00,6397246.00,151996,6245250,4125.00,2054.00,6179.00,2054,4125,0.00,0.00,0,0
1547848203,s3,0.00,0.00,0.00,0,0,0.00,0.00,0.00,0,0,0.00,0.00,0,0
1547848203,s2-eth2,152070.00,6246764.00,6398834.00,6246764,152070,2055.00,4126.00,6181.00,4126,2055,0.00,0.00,0,0
1547848203,s2-eth1,6246764.00,152070.00,6398834.00,152070,6246764,4126.00,2055.00,6181.00,2055,4126,0.00,0.00,0,0
1547848203,lo,172.00,172.00,344.00,172,172,3.00,3.00,6.00,3,3,0.00,0.00,0,0
1547848203,s4,0.00,0.00,0.00,0,0,0.00,0.00,0.00,0,0,0.00,0.00,0,0
1547848203,s3-eth2,151996.00,6246764.00,6398760.00,6246764,151996,2054.00,4126.00,6180.00,4126,2054,0.00,0.00,0,0
1547848203,s3-eth1,6246764.00,152070.00,6398834.00,152070,6246764,4126.00,2055.00,6181.00,2055,4126,0.00,0.00,0,0
1547848203,total,19195086.00,19196600.00,38391688.00,19196600,19195086,18544.00,18545.00,37089.00,18545,18544,0.00,0.00,0,0
1547848204,s5,0.00,0.00,0.00,0,0,0.00,0.00,0.00,0,0,0.00,0.00,0,0
1547848204,s1,0.00,1092.00,1092.00,1092,0,0.00,6.00,6.00,6,0,0.00,0.00,0,0
1547848204,eth0,1140.00,1823.00,2963.00,1823,1140,15.00,15.00,30.00,15,15,0.00,0.00,0,0
1547848204,eth1,0.00,0.00,0.00,0,0,0.00,0.00,0.00,0,0,0.00,0.00,0,0
1547848204,s2,0.00,1202.00,1202.00,1202,0,0.00,7.00,7.00,7,0,0.00,0.00,0,0
1547848204,s1-eth2,137540.00,5578668.00,5716208.00,5578668,137540,1854.00,3690.00,5544.00,3690,1854,0.00,0.00,0,0
1547848204,s1-eth1,5579308.00,136900.00,5716208.00,136900,5579308,3694.00,1850.00,5544.00,1850,3694,0.00,0.00,0,0
1547848204,s3,0.00,1280.00,1280.00,1280,0,0.00,8.00,8.00,8,0,0.00,0.00,0,0
1547848204,s2-eth2,138180.00,5578138.00,5716318.00,5578138,138180,1858.00,3687.00,5545.00,3687,1858,0.00,0.00,0,0
1547848204,s2-eth1,5578668.00,137540.00,5716208.00,137540,5578668,3690.00,1854.00,5544.00,1854,3690,0.00,0.00,0,0
1547848204,lo,8679.00,8679.00,17358.00,8679,8679,88.00,88.00,176.00,88,88,0.00,0.00,0,0
1547848204,s4,0.00,0.00,0.00,0,0,0.00,0.00,0.00,0,0,0.00,0.00,0,0
1547848204,s3-eth2,138820.00,5586660.00,5725480.00,5586660,138820,1862.00,3690.00,5552.00,3690,1862,0.00,0.00,0,0
1547848204,s3-eth1,5578138.00,138180.00,5716318.00,138180,5578138,3687.00,1858.00,5545.00,1858,3687,0.00,0.00,0,0
1547848204,total,17160472.00,17170162.00,34330636.00,17170162,17160473,16748.00,16753.00,33501.00,16753,16748,0.00,0.00,0,0
1547848205,s5,0.00,0.00,0.00,0,0,0.00,0.00,0.00,0,0,0.00,0.00,0,0
1547848205,s1,0.00,1510.49,1510.49,1512,0,0.00,9.99,9.99,10,0,0.00,0.00,0,0
1547848205,eth0,911.09,1468.53,2379.62,1470,912,11.99,11.99,23.98,12,12,0.00,0.00,0,0
1547848205,eth1,0.00,0.00,0.00,0,0,0.00,0.00,0.00,0,0,0.00,0.00,0,0
1547848205,s2,0.00,1655.34,1655.34,1657,0,0.00,8.99,8.99,9,0,0.00,0.00,0,0
1547848205,s1-eth2,151499.50,6151285.00,6302784.50,6157436,151651,2033.97,4071.93,6105.89,4076,2036,0.00,0.00,0,0
1547848205,s1-eth1,6151115.00,149996.02,6301111.00,150146,6157266,4078.92,2026.97,6105.89,2029,4083,0.00,0.00,0,0
1547848205,s3,0.00,1589.41,1589.41,1591,0,0.00,10.99,10.99,11,0,0.00,0.00,0,0
1547848205,s2-eth2,151930.08,6154390.00,6306320.00,6160544,152082,2038.96,4065.93,6104.90,4070,2041,0.00,0.00,0,0
1547848205,s2-eth1,6151285.00,151499.50,6302784.50,151651,6157436,4071.93,2033.97,6105.89,2036,4076,0.00,0.00,0,0
1547848205,lo,11132.87,11132.87,22265.73,11144,11144,112.89,112.89,225.77,113,113,0.00,0.00,0,0
1547848205,s4,0.00,0.00,0.00,0,0,0.00,0.00,0.00,0,0,0.00,0.00,0,0
1547848205,s3-eth2,151835.17,6155824.50,6307659.50,6161980,151987,2040.96,4065.93,6106.89,4070,2043,0.00,0.00,0,0
1547848205,s3-eth1,6154390.00,151930.08,6306320.00,152082,6160544,4065.93,2038.96,6104.90,2041,4070,0.00,0.00,0,0
1547848205,total,18924098.00,18932280.00,37856380.00,18951213,18943022,18455.54,18458.54,36914.09,18477,18474,0.00,0.00,0,0
1547848206,s5,0.00,0.00,0.00,0,0,0.00,0.00,0.00,0,0,0.00,0.00,0,0
1547848206,s1,0.00,3524.00,3524.00,3524,0,0.00,17.00,17.00,17,0,0.00,0.00,0,0
1547848206,eth0,152.00,245.00,397.00,245,152,2.00,2.00,4.00,2,2,0.00,0.00,0,0
1547848206,eth1,0.00,0.00,0.00,0,0,0.00,0.00,0.00,0,0,0.00,0.00,0,0
1547848206,s2,0.00,3611.00,3611.00,3611,0,0.00,18.00,18.00,18,0,0.00,0.00,0,0
1547848206,s1-eth2,150791.00,6136738.00,6287529.00,6136738,150791,2028.00,4068.00,6096.00,4068,2028,0.00,0.00,0,0
1547848206,s1-eth1,6139650.00,149628.00,6289278.00,149628,6139650,4075.00,2022.00,6097.00,2022,4075,0.00,0.00,0,0
1547848206,s3,0.00,3706.00,3706.00,3706,0,0.00,16.00,16.00,16,0,0.00,0.00,0,0
1547848206,s2-eth2,152989.00,6132634.00,6285623.00,6132634,152989,2037.00,4061.00,6098.00,4061,2037,0.00,0.00,0,0
1547848206,s2-eth1,6136738.00,150791.00,6287529.00,150791,6136738,4068.00,2028.00,6096.00,2028,4068,0.00,0.00,0,0
1547848206,lo,15401.00,15401.00,30802.00,15401,15401,143.00,143.00,286.00,143,143,0.00,0.00,0,0
1547848206,s4,0.00,0.00,0.00,0,0,0.00,0.00,0.00,0,0,0.00,0.00,0,0
1547848206,s3-eth2,155532.00,6134728.00,6290260.00,6134728,155532,2047.00,4052.00,6099.00,4052,2047,0.00,0.00,0,0
1547848206,s3-eth1,6132634.00,152989.00,6285623.00,152989,6132634,4061.00,2037.00,6098.00,2037,4061,0.00,0.00,0,0
1547848206,total,18883888.00,18883996.00,37767880.00,18883995,18883887,18461.00,18464.00,36925.00,18464,18461,0.00,0.00,0,0
1547848207,s5,0.00,0.00,0.00,0,0,0.00,0.00,0.00,0,0,0.00,0.00,0,0
1547848207,s1,0.00,963.00,963.00,963,0,0.00,4.00,4.00,4,0,0.00,0.00,0,0
1547848207,eth0,152.00,245.00,397.00,245,152,2.00,2.00,4.00,2,2,0.00,0.00,0,0
1547848207,eth1,0.00,0.00,0.00,0,0,0.00,0.00,0.00,0,0,0.00,0.00,0,0
1547848207,s2,0.00,621.00,621.00,621,0,0.00,3.00,3.00,3,0,0.00,0.00,0,0
1547848207,s1-eth2,149141.00,6069075.00,6218216.00,6069075,149141,2012.00,4012.00,6024.00,4012,2012,0.00,0.00,0,0
1547848207,s1-eth1,6069402.00,148740.00,6218142.00,148740,6069402,4013.00,2010.00,6023.00,2010,4013,0.00,0.00,0,0
1547848207,s3,0.00,841.00,841.00,841,0,0.00,3.00,3.00,3,0,0.00,0.00,0,0
1547848207,s2-eth2,149581.00,6068406.00,6217987.00,6068406,149581,2013.00,4010.00,6023.00,4010,2013,0.00,0.00,0,0
1547848207,s2-eth1,6069075.00,149141.00,6218216.00,149141,6069075,4012.00,2012.00,6024.00,2012,4012,0.00,0.00,0,0
1547848207,lo,3903.00,3903.00,7806.00,3903,3903,40.00,40.00,80.00,40,40,0.00,0.00,0,0
1547848207,s4,0.00,0.00,0.00,0,0,0.00,0.00,0.00,0,0,0.00,0.00,0,0
1547848207,s3-eth2,150202.00,6068112.00,6218314.00,6068112,150202,2016.00,4008.00,6024.00,4008,2016,0.00,0.00,0,0
1547848207,s3-eth1,6068406.00,149581.00,6217987.00,149581,6068406,4010.00,2013.00,6023.00,2013,4010,0.00,0.00,0,0
1547848207,total,18659862.00,18659628.00,37319488.00,18659628,18659862,18118.00,18117.00,36235.00,18117,18118,0.00,0.00,0,0
1547848208,s5,0.00,0.00,0.00,0,0,0.00,0.00,0.00,0,0,0.00,0.00,0,0
1547848208,s1,0.00,701.00,701.00,701,0,0.00,3.00,3.00,3,0,0.00,0.00,0,0
1547848208,eth0,0.00,0.00,0.00,0,0,0.00,0.00,0.00,0,0,0.00,0.00,0,0
1547848208,eth1,0.00,0.00,0.00,0,0,0.00,0.00,0.00,0,0,0.00,0.00,0,0
1547848208,s2,0.00,701.00,701.00,701,0,0.00,3.00,3.00,3,0,0.00,0.00,0,0
1547848208,s1-eth2,152296.00,6238381.00,6390677.00,6238381,152296,2055.00,4123.00,6178.00,4123,2055,0.00,0.00,0,0
1547848208,s1-eth1,6238755.00,151996.00,6390751.00,151996,6238755,4125.00,2054.00,6179.00,2054,4125,0.00,0.00,0,0
1547848208,s3,0.00,481.00,481.00,481,0,0.00,3.00,3.00,3,0,0.00,0.00,0,0
1547848208,s2-eth2,152477.00,6238007.00,6390484.00,6238007,152477,2057.00,4121.00,6178.00,4121,2057,0.00,0.00,0,0
1547848208,s2-eth1,6238381.00,152296.00,6390677.00,152296,6238381,4123.00,2055.00,6178.00,2055,4123,0.00,0.00,0,0
1547848208,lo,2850.00,2850.00,5700.00,2850,2850,27.00,27.00,54.00,27,27,0.00,0.00,0,0
1547848208,s4,0.00,0.00,0.00,0,0,0.00,0.00,0.00,0,0,0.00,0.00,0,0
1547848208,s3-eth2,152477.00,6239194.00,6391671.00,6239194,152477,2057.00,4121.00,6178.00,4121,2057,0.00,0.00,0,0
1547848208,s3-eth1,6238007.00,152477.00,6390484.00,152477,6238007,4121.00,2057.00,6178.00,2057,4121,0.00,0.00,0,0
1547848208,total,19175244.00,19177084.00,38352328.00,19177084,19175243,18565.00,18567.00,37132.00,18567,18565,0.00,0.00,0,0
1547848209,s5,0.00,0.00,0.00,0,0,0.00,0.00,0.00,0,0,0.00,0.00,0,0
1547848209,s1,0.00,771.00,771.00,771,0,0.00,4.00,4.00,4,0,0.00,0.00,0,0
1547848209,eth0,60.00,60.00,120.00,60,60,1.00,1.00,2.00,1,1,0.00,0.00,0,0
1547848209,eth1,0.00,0.00,0.00,0,0,0.00,0.00,0.00,0,0,0.00,0.00,0,0
1547848209,s2,0.00,771.00,771.00,771,0,0.00,4.00,4.00,4,0,0.00,0.00,0,0
1547848209,s1-eth2,151875.00,6205143.00,6357018.00,6205143,151875,2049.00,4102.00,6151.00,4102,2049,0.00,0.00,0,0
1547848209,s1-eth1,6204026.00,151478.00,6355504.00,151478,6204026,4103.00,2047.00,6150.00,2047,4103,0.00,0.00,0,0
1547848209,s3,0.00,1061.00,1061.00,1061,0,0.00,5.00,5.00,5,0,0.00,0.00,0,0
1547848209,s2-eth2,152539.00,6203232.00,6355771.00,6203232,152539,2052.00,4099.00,6151.00,4099,2052,0.00,0.00,0,0
1547848209,s2-eth1,6205143.00,151875.00,6357018.00,151875,6205143,4102.00,2049.00,6151.00,2049,4102,0.00,0.00,0,0
1547848209,lo,3964.00,3964.00,7928.00,3964,3964,39.00,39.00,78.00,39,39,0.00,0.00,0,0
1547848209,s4,0.00,0.00,0.00,0,0,0.00,0.00,0.00,0,0,0.00,0.00,0,0
1547848209,s3-eth2,152983.00,6202858.00,6355841.00,6202858,152983,2055.00,4097.00,6152.00,4097,2055,0.00,0.00,0,0
1547848209,s3-eth1,6203232.00,152539.00,6355771.00,152539,6203232,4099.00,2052.00,6151.00,2052,4099,0.00,0.00,0,0
1547848209,total,19073822.00,19073752.00,38147576.00,19073752,19073822,18500.00,18499.00,36999.00,18499,18500,0.00,0.00,0,0
1547848210,s5,0.00,0.00,0.00,0,0,0.00,0.00,0.00,0,0,0.00,0.00,0,0
1547848210,s1,0.00,396.60,396.60,397,0,0.00,2.00,2.00,2,0,0.00,0.00,0,0
1547848210,eth0,0.00,0.00,0.00,0,0,0.00,0.00,0.00,0,0,0.00,0.00,0,0
1547848210,eth1,0.00,0.00,0.00,0,0,0.00,0.00,0.00,0,0,0.00,0.00,0,0
1547848210,s2,0.00,396.60,396.60,397,0,0.00,2.00,2.00,2,0,0.00,0.00,0,0
1547848210,s1-eth2,151104.91,6169833.50,6320938.00,6176003,151256,2041.96,4076.92,6118.88,4081,2044,0.00,0.00,0,0
1547848210,s1-eth1,6171346.00,151030.97,6322377.00,151182,6177517,4077.92,2040.96,6118.88,2043,4082,0.00,0.00,0,0
1547848210,s3,0.00,0.00,0.00,0,0,0.00,0.00,0.00,0,0,0.00,0.00,0,0
1547848210,s2-eth2,151030.97,6169833.50,6320864.50,6176003,151182,2040.96,4076.92,6117.88,4081,2043,0.00,0.00,0,0
1547848210,s2-eth1,6169833.50,151104.91,6320938.00,151256,6176003,4076.92,2041.96,6118.88,2044,4081,0.00,0.00,0,0
1547848210,lo,1186.81,1186.81,2373.63,1188,1188,11.99,11.99,23.98,12,12,0.00,0.00,0,0
1547848210,s4,0.00,0.00,0.00,0,0,0.00,0.00,0.00,0,0,0.00,0.00,0,0
1547848210,s3-eth2,151699.31,6170949.00,6322648.50,6177120,151851,2042.96,4075.92,6118.88,4080,2045,0.00,0.00,0,0
1547848210,s3-eth1,6169833.50,151030.97,6320864.50,151182,6176003,4076.92,2040.96,6117.88,2043,4081,0.00,0.00,0,0
1547848210,total,18966034.00,18965762.00,37931796.00,18984728,18985000,18369.63,18369.63,36739.26,18388,18388,0.00,0.00,0,0
1547848211,s5,0.00,0.00,0.00,0,0,0.00,0.00,0.00,0,0,0.00,0.00,0,0
1547848211,s1,0.00,0.00,0.00,0,0,0.00,0.00,0.00,0,0,0.00,0.00,0,0
1547848211,eth0,0.00,0.00,0.00,0,0,0.00,0.00,0.00,0,0,0.00,0.00,0,0
1547848211,eth1,0.00,0.00,0.00,0,0,0.00,0.00,0.00,0,0,0.00,0.00,0,0
1547848211,s2,0.00,0.00,0.00,0,0,0.00,0.00,0.00,0,0,0.00,0.00,0,0
1547848211,s1-eth2,151922.00,6224054.00,6375976.00,6224054,151922,2053.00,4111.00,6164.00,4111,2053,0.00,0.00,0,0
1547848211,s1-eth1,6224054.00,151996.00,6376050.00,151996,6224054,4111.00,2054.00,6165.00,2054,4111,0.00,0.00,0,0
1547848211,s3,0.00,0.00,0.00,0,0,0.00,0.00,0.00,0,0,0.00,0.00,0,0
1547848211,s2-eth2,151996.00,6224054.00,6376050.00,6224054,151996,2054.00,4111.00,6165.00,4111,2054,0.00,0.00,0,0
1547848211,s2-eth1,6224054.00,151922.00,6375976.00,151922,6224054,4111.00,2053.00,6164.00,2053,4111,0.00,0.00,0,0
1547848211,lo,0.00,0.00,0.00,0,0,0.00,0.00,0.00,0,0,0.00,0.00,0,0
1547848211,s4,0.00,0.00,0.00,0,0,0.00,0.00,0.00,0,0,0.00,0.00,0,0
1547848211,s3-eth2,151996.00,6224054.00,6376050.00,6224054,151996,2054.00,4111.00,6165.00,4111,2054,0.00,0.00,0,0
1547848211,s3-eth1,6224054.00,151996.00,6376050.00,151996,6224054,4111.00,2054.00,6165.00,2054,4111,0.00,0.00,0,0
1547848211,total,19128076.00,19128076.00,38256152.00,19128076,19128076,18494.00,18494.00,36988.00,18494,18494,0.00,0.00,0,0
1547848212,s5,0.00,0.00,0.00,0,0,0.00,0.00,0.00,0,0,0.00,0.00,0,0
1547848212,s1,0.00,107.00,107.00,107,0,0.00,1.00,1.00,1,0,0.00,0.00,0,0
1547848212,eth0,0.00,0.00,0.00,0,0,0.00,0.00,0.00,0,0,0.00,0.00,0,0
1547848212,eth1,0.00,0.00,0.00,0,0,0.00,0.00,0.00,0,0,0.00,0.00,0,0
1547848212,s2,0.00,107.00,107.00,107,0,0.00,1.00,1.00,1,0,0.00,0.00,0,0
1547848212,s1-eth2,151955.00,6205993.00,6357948.00,6205993,151955,2053.00,4100.00,6153.00,4100,2053,0.00,0.00,0,0
1547848212,s1-eth1,6206100.00,151774.00,6357874.00,151774,6206100,4101.00,2051.00,6152.00,2051,4101,0.00,0.00,0,0
1547848212,s3,0.00,214.00,214.00,214,0,0.00,2.00,2.00,2,0,0.00,0.00,0,0
1547848212,s2-eth2,151988.00,6205886.00,6357874.00,6205886,151988,2053.00,4099.00,6152.00,4099,2053,0.00,0.00,0,0
1547848212,s2-eth1,6205993.00,151955.00,6357948.00,151955,6205993,4100.00,2053.00,6153.00,2053,4100,0.00,0.00,0,0
1547848212,lo,1564.00,1564.00,3128.00,1564,1564,18.00,18.00,36.00,18,18,0.00,0.00,0,0
1547848212,s4,0.00,0.00,0.00,0,0,0.00,0.00,0.00,0,0,0.00,0.00,0,0
1547848212,s3-eth2,152062.00,6205886.00,6357948.00,6205886,152062,2054.00,4099.00,6153.00,4099,2054,0.00,0.00,0,0
1547848212,s3-eth1,6205886.00,151988.00,6357874.00,151988,6205886,4099.00,2053.00,6152.00,2053,4099,0.00,0.00,0,0
1547848212,total,19075548.00,19075474.00,38151024.00,19075474,19075548,18478.00,18477.00,36955.00,18477,18478,0.00,0.00,0,0
1547848213,s5,0.00,0.00,0.00,0,0,0.00,0.00,0.00,0,0,0.00,0.00,0,0
1547848213,s1,0.00,519.00,519.00,519,0,0.00,3.00,3.00,3,0,0.00,0.00,0,0
1547848213,eth0,0.00,0.00,0.00,0,0,0.00,0.00,0.00,0,0,0.00,0.00,0,0
1547848213,eth1,0.00,0.00,0.00,0,0,0.00,0.00,0.00,0,0,0.00,0.00,0,0
1547848213,s2,0.00,177.00,177.00,177,0,0.00,2.00,2.00,2,0,0.00,0.00,0,0
1547848213,s1-eth2,152288.00,6242741.00,6395029.00,6242741,152288,2058.00,4126.00,6184.00,4126,2058,0.00,0.00,0,0
1547848213,s1-eth1,6241297.00,152292.00,6393589.00,152292,6241297,4126.00,2058.00,6184.00,2058,4126,0.00,0.00,0,0
1547848213,s3,0.00,482.00,482.00,482,0,0.00,3.00,3.00,3,0,0.00,0.00,0,0
1547848213,s2-eth2,152774.00,6243843.00,6396617.00,6243843,152774,2061.00,4125.00,6186.00,4125,2061,0.00,0.00,0,0
1547848213,s2-eth1,6242741.00,152288.00,6395029.00,152288,6242741,4126.00,2058.00,6184.00,2058,4126,0.00,0.00,0,0
1547848213,lo,2334.00,2334.00,4668.00,2334,2334,24.00,24.00,48.00,24,24,0.00,0.00,0,0
1547848213,s4,0.00,0.00,0.00,0,0,0.00,0.00,0.00,0,0,0.00,0.00,0,0
1547848213,s3-eth2,152877.00,6243736.00,6396613.00,6243736,152877,2062.00,4124.00,6186.00,4124,2062,0.00,0.00,0,0
1547848213,s3-eth1,6243843.00,152774.00,6396617.00,152774,6243843,4125.00,2061.00,6186.00,2061,4125,0.00,0.00,0,0
1547848213,total,19188154.00,19191186.00,38379340.00,19191186,19188154,18582.00,18584.00,37166.00,18584,18582,0.00,0.00,0,0
1547848214,s5,0.00,0.00,0.00,0,0,0.00,0.00,0.00,0,0,0.00,0.00,0,0
1547848214,s1,0.00,70.00,70.00,70,0,0.00,1.00,1.00,1,0,0.00,0.00,0,0
1547848214,eth0,0.00,0.00,0.00,0,0,0.00,0.00,0.00,0,0,0.00,0.00,0,0
1547848214,eth1,0.00,0.00,0.00,0,0,0.00,0.00,0.00,0,0,0.00,0.00,0,0
1547848214,s2,0.00,70.00,70.00,70,0,0.00,1.00,1.00,1,0,0.00,0.00,0,0
1547848214,s1-eth2,149628.00,6121172.00,6270800.00,6121172,149628,2022.00,4044.00,6066.00,4044,2022,0.00,0.00,0,0
1547848214,s1-eth1,6122686.00,149628.00,6272314.00,149628,6122686,4045.00,2022.00,6067.00,2022,4045,0.00,0.00,0,0
1547848214,s3,0.00,0.00,0.00,0,0,0.00,0.00,0.00,0,0,0.00,0.00,0,0
1547848214,s2-eth2,149628.00,6119658.00,6269286.00,6119658,149628,2022.00,4043.00,6065.00,4043,2022,0.00,0.00,0,0
1547848214,s2-eth1,6121172.00,149628.00,6270800.00,149628,6121172,4044.00,2022.00,6066.00,2022,4044,0.00,0.00,0,0
1547848214,lo,536.00,536.00,1072.00,536,536,6.00,6.00,12.00,6,6,0.00,0.00,0,0
1547848214,s4,0.00,0.00,0.00,0,0,0.00,0.00,0.00,0,0,0.00,0.00,0,0
1547848214,s3-eth2,149628.00,6119588.00,6269216.00,6119588,149628,2022.00,4042.00,6064.00,4042,2022,0.00,0.00,0,0
1547848214,s3-eth1,6119658.00,149628.00,6269286.00,149628,6119658,4043.00,2022.00,6065.00,2022,4043,0.00,0.00,0,0
1547848214,total,18794142.00,18791188.00,37585328.00,18809978,18812936,18185.81,18184.82,36370.63,18203,18204,0.00,0.00,0,0
1547848215,s5,0.00,0.00,0.00,0,0,0.00,0.00,0.00,0,0,0.00,0.00,0,0
1547848215,s1,0.00,336.28,336.28,342,0,0.00,0.98,0.98,1,0,0.00,0.00,0,0
1547848215,eth0,0.00,0.00,0.00,0,0,0.00,0.00,0.00,0,0,0.00,0.00,0,0
1547848215,eth1,0.00,0.00,0.00,0,0,0.00,0.00,0.00,0,0,0.00,0.00,0,0
1547848215,s2,0.00,672.57,672.57,684,0,0.00,1.97,1.97,2,0,0.00,0.00,0,0
1547848215,s1-eth2,150591.94,6089087.50,6239679.50,6192602,153152,2031.47,4022.62,6054.08,4091,2066,0.00,0.00,0,0
1547848215,s1-eth1,6089424.00,150182.89,6239606.50,152736,6192944,4023.60,2029.50,6053.10,2064,4092,0.00,0.00,0,0
1547848215,s3,0.00,336.28,336.28,342,0,0.00,0.98,0.98,1,0,0.00,0.00,0,0
1547848215,s2-eth2,150519.17,6090576.00,6241095.50,6194116,153078,2030.48,4023.60,6054.08,4092,2065,0.00,0.00,0,0
1547848215,s2-eth1,6089087.50,150591.94,6239679.50,153152,6192602,4022.62,2031.47,6054.08,2066,4091,0.00,0.00,0,0
1547848215,lo,1282.20,1282.20,2564.41,1304,1304,11.80,11.80,23.60,12,12,0.00,0.00,0,0
1547848215,s4,0.00,0.00,0.00,0,0,0.00,0.00,0.00,0,0,0.00,0.00,0,0
1547848215,s3-eth2,150519.17,6091728.50,6242248.00,6195288,153078,2030.48,4023.60,6054.08,4092,2065,0.00,0.00,0,0
1547848215,s3-eth1,6090576.00,150519.17,6241095.50,153078,6194116,4023.60,2030.48,6054.08,2065,4092,0.00,0.00,0,0
1547848215,total,18740428.00,18743744.00,37484172.00,19043644,19040274,18191.93,18194.88,36386.81,18486,18483,0.00,0.00,0,0
1547848216,s5,0.00,0.00,0.00,0,0,0.00,0.00,0.00,0,0,0.00,0.00,0,0
1547848216,s1,0.00,0.00,0.00,0,0,0.00,0.00,0.00,0,0,0.00,0.00,0,0
1547848216,eth0,0.00,0.00,0.00,0,0,0.00,0.00,0.00,0,0,0.00,0.00,0,0
1547848216,eth1,0.00,0.00,0.00,0,0,0.00,0.00,0.00,0,0,0.00,0.00,0,0
1547848216,s2,0.00,0.00,0.00,0,0,0.00,0.00,0.00,0,0,0.00,0.00,0,0
1547848216,s1-eth2,149480.00,6151382.00,6300862.00,6151382,149480,2020.00,4063.00,6083.00,4063,2020,0.00,0.00,0,0
1547848216,s1-eth1,6151382.00,149554.00,6300936.00,149554,6151382,4063.00,2021.00,6084.00,2021,4063,0.00,0.00,0,0
1547848216,s3,0.00,0.00,0.00,0,0,0.00,0.00,0.00,0,0,0.00,0.00,0,0
1547848216,s2-eth2,149554.00,6151382.00,6300936.00,6151382,149554,2021.00,4063.00,6084.00,4063,2021,0.00,0.00,0,0
1547848216,s2-eth1,6151382.00,149480.00,6300862.00,149480,6151382,4063.00,2020.00,6083.00,2020,4063,0.00,0.00,0,0
1547848216,lo,0.00,0.00,0.00,0,0,0.00,0.00,0.00,0,0,0.00,0.00,0,0
1547848216,s4,0.00,0.00,0.00,0,0,0.00,0.00,0.00,0,0,0.00,0.00,0,0
1547848216,s3-eth2,149896.00,6151382.00,6301278.00,6151382,149896,2022.00,4063.00,6085.00,4063,2022,0.00,0.00,0,0
1547848216,s3-eth1,6151382.00,149554.00,6300936.00,149554,6151382,4063.00,2021.00,6084.00,2021,4063,0.00,0.00,0,0
1547848216,total,18903076.00,18902734.00,37805808.00,18902734,18903076,18252.00,18251.00,36503.00,18251,18252,0.00,0.00,0,0
1547848217,s5,0.00,0.00,0.00,0,0,0.00,0.00,0.00,0,0,0.00,0.00,0,0
1547848217,s1,0.00,0.00,0.00,0,0,0.00,0.00,0.00,0,0,0.00,0.00,0,0
1547848217,eth0,0.00,0.00,0.00,0,0,0.00,0.00,0.00,0,0,0.00,0.00,0,0
1547848217,eth1,0.00,0.00,0.00,0,0,0.00,0.00,0.00,0,0,0.00,0.00,0,0
1547848217,s2,0.00,0.00,0.00,0,0,0.00,0.00,0.00,0,0,0.00,0.00,0,0
1547848217,s1-eth2,54569.43,2060411.62,2114981.00,2062472,54624,737.26,1364.64,2101.90,1366,738,0.00,0.00,0,0
1547848217,s1-eth1,2123936.00,53016.98,2176953.00,53070,2126060,1406.59,716.28,2122.88,717,1408,0.00,0.00,0,0
1547848217,s3,0.00,0.00,0.00,0,0,0.00,0.00,0.00,0,0,0.00,0.00,0,0
1547848217,s2-eth2,56047.95,1995374.62,2051422.62,1997370,56104,757.24,1321.68,2078.92,1323,758,0.00,0.00,0,0
1547848217,s2-eth1,2060411.62,54569.43,2114981.00,54624,2062472,1364.64,737.26,2101.90,738,1366,0.00,0.00,0,0
1547848217,lo,343.66,343.66,687.31,344,344,5.99,5.99,11.99,6,6,0.00,0.00,0,0
1547848217,s4,0.00,0.00,0.00,0,0,0.00,0.00,0.00,0,0,0.00,0.00,0,0
1547848217,s3-eth2,57600.40,1912187.88,1969788.25,1914100,57658,778.22,1266.73,2044.96,1268,779,0.00,0.00,0,0
1547848217,s3-eth1,1995374.62,56047.95,2051422.62,56104,1997370,1321.68,757.24,2078.92,758,1323,0.00,0.00,0,0
1547848217,total,6348284.00,6131952.00,12480236.00,6138084,6354632,6371.63,6169.83,12541.46,6176,6378,0.00,0.00,0,0
1547848218,s5,0.00,0.00,0.00,0,0,0.00,0.00,0.00,0,0,0.00,0.00,0,0
1547848218,s1,0.00,0.00,0.00,0,0,0.00,0.00,0.00,0,0,0.00,0.00,0,0
1547848218,eth0,0.00,0.00,0.00,0,0,0.00,0.00,0.00,0,0,0.00,0.00,0,0
1547848218,eth1,0.00,0.00,0.00,0,0,0.00,0.00,0.00,0,0,0.00,0.00,0,0
1547848218,s2,0.00,0.00,0.00,0,0,0.00,0.00,0.00,0,0,0.00,0.00,0,0
1547848218,s1-eth2,0.00,0.00,0.00,0,0,0.00,0.00,0.00,0,0,0.00,0.00,0,0
1547848218,s1-eth1,0.00,0.00,0.00,0,0,0.00,0.00,0.00,0,0,0.00,0.00,0,0
1547848218,s3,0.00,0.00,0.00,0,0,0.00,0.00,0.00,0,0,0.00,0.00,0,0
1547848218,s2-eth2,0.00,0.00,0.00,0,0,0.00,0.00,0.00,0,0,0.00,0.00,0,0
1547848218,s2-eth1,0.00,0.00,0.00,0,0,0.00,0.00,0.00,0,0,0.00,0.00,0,0
1547848218,lo,0.00,0.00,0.00,0,0,0.00,0.00,0.00,0,0,0.00,0.00,0,0
1547848218,s4,0.00,0.00,0.00,0,0,0.00,0.00,0.00,0,0,0.00,0.00,0,0
1547848218,s3-eth2,0.00,0.00,0.00,0,0,0.00,0.00,0.00,0,0,0.00,0.00,0,0
1547848218,s3-eth1,0.00,0.00,0.00,0,0,0.00,0.00,0.00,0,0,0.00,0.00,0,0
1547848218,total,0.00,0.00,0.00,0,0,0.00,0.00,0.00,0,0,0.00,0.00,0,0
1547848219,s5,0.00,0.00,0.00,0,0,0.00,0.00,0.00,0,0,0.00,0.00,0,0
1547848219,s1,0.00,0.00,0.00,0,0,0.00,0.00,0.00,0,0,0.00,0.00,0,0
1547848219,eth0,0.00,0.00,0.00,0,0,0.00,0.00,0.00,0,0,0.00,0.00,0,0
1547848219,eth1,0.00,0.00,0.00,0,0,0.00,0.00,0.00,0,0,0.00,0.00,0,0
1547848219,s2,0.00,0.00,0.00,0,0,0.00,0.00,0.00,0,0,0.00,0.00,0,0
1547848219,s1-eth2,0.00,0.00,0.00,0,0,0.00,0.00,0.00,0,0,0.00,0.00,0,0
1547848219,s1-eth1,0.00,0.00,0.00,0,0,0.00,0.00,0.00,0,0,0.00,0.00,0,0
1547848219,s3,0.00,0.00,0.00,0,0,0.00,0.00,0.00,0,0,0.00,0.00,0,0
1547848219,s2-eth2,0.00,0.00,0.00,0,0,0.00,0.00,0.00,0,0,0.00,0.00,0,0
1547848219,s2-eth1,0.00,0.00,0.00,0,0,0.00,0.00,0.00,0,0,0.00,0.00,0,0
1547848219,lo,516.00,516.00,1032.00,516,516,9.00,9.00,18.00,9,9,0.00,0.00,0,0
1547848219,s4,0.00,0.00,0.00,0,0,0.00,0.00,0.00,0,0,0.00,0.00,0,0
1547848219,s3-eth2,0.00,0.00,0.00,0,0,0.00,0.00,0.00,0,0,0.00,0.00,0,0
1547848219,s3-eth1,0.00,0.00,0.00,0,0,0.00,0.00,0.00,0,0,0.00,0.00,0,0
1547848219,total,516.00,516.00,1032.00,516,516,9.00,9.00,18.00,9,9,0.00,0.00,0,0
1547848220,s5,0.00,0.00,0.00,0,0,0.00,0.00,0.00,0,0,0.00,0.00,0,0
1547848220,s1,0.00,107.00,107.00,107,0,0.00,1.00,1.00,1,0,0.00,0.00,0,0
1547848220,eth0,0.00,0.00,0.00,0,0,0.00,0.00,0.00,0,0,0.00,0.00,0,0
1547848220,eth1,0.00,0.00,0.00,0,0,0.00,0.00,0.00,0,0,0.00,0.00,0,0
1547848220,s2,0.00,107.00,107.00,107,0,0.00,1.00,1.00,1,0,0.00,0.00,0,0
1547848220,s1-eth2,107.00,107.00,214.00,107,107,1.00,1.00,2.00,1,1,0.00,0.00,0,0
1547848220,s1-eth1,214.00,0.00,214.00,0,214,2.00,0.00,2.00,0,2,0.00,0.00,0,0
1547848220,s3,0.00,214.00,214.00,214,0,0.00,2.00,2.00,2,0,0.00,0.00,0,0
1547848220,s2-eth2,214.00,0.00,214.00,0,214,2.00,0.00,2.00,0,2,0.00,0.00,0,0
1547848220,s2-eth1,107.00,107.00,214.00,107,107,1.00,1.00,2.00,1,1,0.00,0.00,0,0
1547848220,lo,1220.00,1220.00,2440.00,1220,1220,12.00,12.00,24.00,12,12,0.00,0.00,0,0
1547848220,s4,0.00,0.00,0.00,0,0,0.00,0.00,0.00,0,0,0.00,0.00,0,0
1547848220,s3-eth2,214.00,0.00,214.00,0,214,2.00,0.00,2.00,0,2,0.00,0.00,0,0
1547848220,s3-eth1,0.00,214.00,214.00,214,0,0.00,2.00,2.00,2,0,0.00,0.00,0,0
1547848220,total,2076.00,2076.00,4152.00,2076,2076,20.00,20.00,40.00,20,20,0.00,0.00,0,0
1547848221,s5,0.00,0.00,0.00,0,0,0.00,0.00,0.00,0,0,0.00,0.00,0,0
1547848221,s1,0.00,106.89,106.89,107,0,0.00,1.00,1.00,1,0,0.00,0.00,0,0
1547848221,eth0,0.00,0.00,0.00,0,0,0.00,0.00,0.00,0,0,0.00,0.00,0,0
1547848221,eth1,0.00,0.00,0.00,0,0,0.00,0.00,0.00,0,0,0.00,0.00,0,0
1547848221,s2,0.00,106.89,106.89,107,0,0.00,1.00,1.00,1,0,0.00,0.00,0,0
1547848221,s1-eth2,0.00,106.89,106.89,107,0,0.00,1.00,1.00,1,0,0.00,0.00,0,0
1547848221,s1-eth1,106.89,0.00,106.89,0,107,1.00,0.00,1.00,0,1,0.00,0.00,0,0
1547848221,s3,0.00,0.00,0.00,0,0,0.00,0.00,0.00,0,0,0.00,0.00,0,0
1547848221,s2-eth2,0.00,106.89,106.89,107,0,0.00,1.00,1.00,1,0,0.00,0.00,0,0
1547848221,s2-eth1,106.89,0.00,106.89,0,107,1.00,0.00,1.00,0,1,0.00,0.00,0,0
1547848221,lo,609.39,609.39,1218.78,610,610,5.99,5.99,11.99,6,6,0.00,0.00,0,0
1547848221,s4,0.00,0.00,0.00,0,0,0.00,0.00,0.00,0,0,0.00,0.00,0,0
1547848221,s3-eth2,106.89,0.00,106.89,0,107,1.00,0.00,1.00,0,1,0.00,0.00,0,0
1547848221,s3-eth1,106.89,0.00,106.89,0,107,1.00,0.00,1.00,0,1,0.00,0.00,0,0
1547848221,total,1036.96,1036.96,2073.93,1038,1038,9.99,9.99,19.98,10,10,0.00,0.00,0,0
1547848222,s5,0.00,0.00,0.00,0,0,0.00,0.00,0.00,0,0,0.00,0.00,0,0
1547848222,s1,0.00,0.00,0.00,0,0,0.00,0.00,0.00,0,0,0.00,0.00,0,0
1547848222,eth0,0.00,0.00,0.00,0,0,0.00,0.00,0.00,0,0,0.00,0.00,0,0
1547848222,eth1,0.00,0.00,0.00,0,0,0.00,0.00,0.00,0,0,0.00,0.00,0,0
1547848222,s2,0.00,0.00,0.00,0,0,0.00,0.00,0.00,0,0,0.00,0.00,0,0
1547848222,s1-eth2,0.00,0.00,0.00,0,0,0.00,0.00,0.00,0,0,0.00,0.00,0,0
1547848222,s1-eth1,0.00,0.00,0.00,0,0,0.00,0.00,0.00,0,0,0.00,0.00,0,0
1547848222,s3,0.00,0.00,0.00,0,0,0.00,0.00,0.00,0,0,0.00,0.00,0,0
1547848222,s2-eth2,0.00,0.00,0.00,0,0,0.00,0.00,0.00,0,0,0.00,0.00,0,0
1547848222,s2-eth1,0.00,0.00,0.00,0,0,0.00,0.00,0.00,0,0,0.00,0.00,0,0
1547848222,lo,344.00,344.00,688.00,344,344,6.00,6.00,12.00,6,6,0.00,0.00,0,0
1547848222,s4,0.00,0.00,0.00,0,0,0.00,0.00,0.00,0,0,0.00,0.00,0,0
1547848222,s3-eth2,0.00,0.00,0.00,0,0,0.00,0.00,0.00,0,0,0.00,0.00,0,0
1547848222,s3-eth1,0.00,0.00,0.00,0,0,0.00,0.00,0.00,0,0,0.00,0.00,0,0
1547848222,total,344.00,344.00,688.00,344,344,6.00,6.00,12.00,6,6,0.00,0.00,0,0
1547848223,s5,0.00,0.00,0.00,0,0,0.00,0.00,0.00,0,0,0.00,0.00,0,0
1547848223,s1,0.00,0.00,0.00,0,0,0.00,0.00,0.00,0,0,0.00,0.00,0,0
1547848223,eth0,0.00,0.00,0.00,0,0,0.00,0.00,0.00,0,0,0.00,0.00,0,0
1547848223,eth1,0.00,0.00,0.00,0,0,0.00,0.00,0.00,0,0,0.00,0.00,0,0
1547848223,s2,0.00,0.00,0.00,0,0,0.00,0.00,0.00,0,0,0.00,0.00,0,0
1547848223,s1-eth2,0.00,0.00,0.00,0,0,0.00,0.00,0.00,0,0,0.00,0.00,0,0
1547848223,s1-eth1,0.00,0.00,0.00,0,0,0.00,0.00,0.00,0,0,0.00,0.00,0,0
1547848223,s3,0.00,0.00,0.00,0,0,0.00,0.00,0.00,0,0,0.00,0.00,0,0
1547848223,s2-eth2,0.00,0.00,0.00,0,0,0.00,0.00,0.00,0,0,0.00,0.00,0,0
1547848223,s2-eth1,0.00,0.00,0.00,0,0,0.00,0.00,0.00,0,0,0.00,0.00,0,0
1547848223,lo,0.00,0.00,0.00,0,0,0.00,0.00,0.00,0,0,0.00,0.00,0,0
1547848223,s4,0.00,0.00,0.00,0,0,0.00,0.00,0.00,0,0,0.00,0.00,0,0
1547848223,s3-eth2,0.00,0.00,0.00,0,0,0.00,0.00,0.00,0,0,0.00,0.00,0,0
1547848223,s3-eth1,0.00,0.00,0.00,0,0,0.00,0.00,0.00,0,0,0.00,0.00,0,0
1547848223,total,0.00,0.00,0.00,0,0,0.00,0.00,0.00,0,0,0.00,0.00,0,0
1547848224,s5,0.00,0.00,0.00,0,0,0.00,0.00,0.00,0,0,0.00,0.00,0,0
1547848224,s1,0.00,0.00,0.00,0,0,0.00,0.00,0.00,0,0,0.00,0.00,0,0
1547848224,eth0,0.00,0.00,0.00,0,0,0.00,0.00,0.00,0,0,0.00,0.00,0,0
1547848224,eth1,0.00,0.00,0.00,0,0,0.00,0.00,0.00,0,0,0.00,0.00,0,0
1547848224,s2,0.00,0.00,0.00,0,0,0.00,0.00,0.00,0,0,0.00,0.00,0,0
1547848224,s1-eth2,0.00,0.00,0.00,0,0,0.00,0.00,0.00,0,0,0.00,0.00,0,0
1547848224,s1-eth1,0.00,0.00,0.00,0,0,0.00,0.00,0.00,0,0,0.00,0.00,0,0
1547848224,s3,0.00,0.00,0.00,0,0,0.00,0.00,0.00,0,0,0.00,0.00,0,0
1547848224,s2-eth2,0.00,0.00,0.00,0,0,0.00,0.00,0.00,0,0,0.00,0.00,0,0
1547848224,s2-eth1,0.00,0.00,0.00,0,0,0.00,0.00,0.00,0,0,0.00,0.00,0,0
1547848224,lo,0.00,0.00,0.00,0,0,0.00,0.00,0.00,0,0,0.00,0.00,0,0
1547848224,s4,0.00,0.00,0.00,0,0,0.00,0.00,0.00,0,0,0.00,0.00,0,0
1547848224,s3-eth2,0.00,0.00,0.00,0,0,0.00,0.00,0.00,0,0,0.00,0.00,0,0
1547848224,s3-eth1,0.00,0.00,0.00,0,0,0.00,0.00